order_id,customer_id,order_status,order_purchase_timestamp,order_approved_at,order_delivered_carrier_date,order_delivered_customer_date,order_estimated_delivery_date,snapshot_date
dcbd516c0f39081a5e542ef76bbc3fe4,75932cfd72b87bd6079cf17786726807,delivered,2018-08-12T12:04:03.000Z,2018-08-12T12:24:22.000Z,2018-08-14T15:54:00.000Z,2018-08-22T17:09:01.000Z,2018-08-30T00:00:00.000Z,2018_08_12
b5ae10bf67afb6e14718789096f22787,f69cf4381400f65b36639b8e1c11092a,delivered,2018-08-12T19:28:01.000Z,2018-08-12T19:45:23.000Z,2018-08-13T12:17:00.000Z,2018-08-16T23:21:14.000Z,2018-08-22T00:00:00.000Z,2018_08_12
ec3b583694db9a04ad2928a8f0546207,660673ec54a8b7fe75dcaea60f3f3e0d,delivered,2018-08-12T20:18:08.000Z,2018-08-12T20:30:18.000Z,2018-08-13T16:02:00.000Z,2018-08-16T19:31:58.000Z,2018-08-24T00:00:00.000Z,2018_08_12
4b80b55b32a3549ec05578e46a0f4021,c4184e264c25f060e2022b22c098ab18,delivered,2018-08-12T15:54:57.000Z,2018-08-13T15:50:17.000Z,2018-08-14T15:25:00.000Z,2018-08-22T22:04:10.000Z,2018-08-20T00:00:00.000Z,2018_08_12
5f8e8bff26bd07b73a3ecf086de33d4a,6233e1c1b76b3f0e1527afdd8db0c7a1,delivered,2018-08-12T22:56:51.000Z,2018-08-13T22:50:15.000Z,2018-08-14T12:56:00.000Z,2018-08-27T18:22:06.000Z,2018-09-11T00:00:00.000Z,2018_08_12
55bde651a2c412e983a9ace2f3e05c5d,0238124998cd8eddd5b3ea04d4c1e658,delivered,2018-08-12T19:57:00.000Z,2018-08-13T19:50:16.000Z,2018-08-14T13:21:00.000Z,2018-08-15T19:24:40.000Z,2018-08-17T00:00:00.000Z,2018_08_12
f52ec1996d054ab03ddef4968ff41fa5,93c43171fb6570c1c278167d386a5db6,delivered,2018-08-12T15:13:40.000Z,2018-08-12T15:25:19.000Z,2018-08-13T14:34:00.000Z,2018-08-17T19:18:24.000Z,2018-08-30T00:00:00.000Z,2018_08_12
3a84d8311ec3bc442b8e2413a6b770c6,27389b038fe5c0831ab14f7dd5e8a89d,delivered,2018-08-12T13:33:17.000Z,2018-08-12T13:45:08.000Z,2018-08-13T13:07:00.000Z,2018-08-16T12:35:57.000Z,2018-08-29T00:00:00.000Z,2018_08_12
78dcdc9169e9c5bbd378416cecc317be,ab917a0785e95a9303211b341f6e0d6d,delivered,2018-08-12T14:02:54.000Z,2018-08-12T14:15:15.000Z,2018-08-13T11:04:00.000Z,2018-08-29T20:42:28.000Z,2018-09-19T00:00:00.000Z,2018_08_12
6164d50a564536f9c8081d0358573bad,ff83b1b9ffb0f2f60273867bb26f671e,delivered,2018-08-12T22:52:59.000Z,2018-08-12T23:05:17.000Z,2018-08-13T15:19:00.000Z,2018-08-14T20:04:39.000Z,2018-08-21T00:00:00.000Z,2018_08_12
bbab0f55c714a04cc7a5c065c65f1089,df68b16176a400cda1dda3bfa1022760,delivered,2018-08-12T20:27:59.000Z,2018-08-12T20:35:19.000Z,2018-08-14T16:02:00.000Z,2018-08-15T20:46:28.000Z,2018-08-17T00:00:00.000Z,2018_08_12
91c4c61f5db7e025e8435b2e13e50f6f,53f923fd81130dee89725646dbc1ad0f,delivered,2018-08-12T11:41:14.000Z,2018-08-12T11:55:10.000Z,2018-08-14T06:48:00.000Z,2018-08-16T20:23:34.000Z,2018-08-23T00:00:00.000Z,2018_08_12
c0ecfbe7eb9d8435e0e3ecd0cdb899ce,98adb1ace438c2553c8eda1d1dcf1c20,delivered,2018-08-12T07:40:00.000Z,2018-08-12T07:50:09.000Z,2018-08-15T13:09:00.000Z,2018-08-17T23:11:48.000Z,2018-08-27T00:00:00.000Z,2018_08_12
73ef343c9dbf2f6d45362c9bc150f4b7,13c520253ccaf41623e063d5e81c4d82,shipped,2018-08-12T03:44:50.000Z,2018-08-13T03:45:08.000Z,2018-08-14T14:05:00.000Z,,2018-08-22T00:00:00.000Z,2018_08_12
25461ae3c4bf9bf6e41a3a163f763c8f,e377314dfa6e23684f1fae454fe8d8d0,delivered,2018-08-12T20:52:52.000Z,2018-08-12T21:05:14.000Z,2018-08-13T13:30:00.000Z,2018-08-14T19:02:43.000Z,2018-08-16T00:00:00.000Z,2018_08_12
ef37efcd7c68d5d876772184772a1ea5,6723644d9ba48cca8d848b1f18c70841,delivered,2018-08-12T17:16:29.000Z,2018-08-12T17:30:14.000Z,2018-08-13T12:44:00.000Z,2018-08-20T23:34:57.000Z,2018-08-22T00:00:00.000Z,2018_08_12
408c159bf7f5bb5ee0ee64ca6be81ab3,c72a2535917c69cffe7135677632702a,delivered,2018-08-12T19:29:47.000Z,2018-08-12T19:44:36.000Z,2018-08-14T09:40:00.000Z,2018-08-20T13:16:27.000Z,2018-08-29T00:00:00.000Z,2018_08_12
e391c35b78728b170cead56c6a53980a,b3e4e7be7d2042271ac4022ab2b88db0,delivered,2018-08-12T15:27:19.000Z,2018-08-12T15:35:17.000Z,2018-08-13T13:13:00.000Z,2018-08-17T23:12:27.000Z,2018-09-05T00:00:00.000Z,2018_08_12
ce4efb4625d3d33a367d95cbc27cdef2,1b7f8d3f31d13251841892ac1cd759b6,delivered,2018-08-12T18:31:46.000Z,2018-08-12T18:45:08.000Z,2018-08-17T06:55:00.000Z,2018-08-25T17:47:27.000Z,2018-09-10T00:00:00.000Z,2018_08_12
e4cb234bf724fa255f0ecd4d95f72a9f,b1190421767ae467d7e6e9c7659a12ee,delivered,2018-08-12T22:48:32.000Z,2018-08-13T22:45:11.000Z,2018-08-15T08:11:00.000Z,2018-08-20T18:07:04.000Z,2018-08-29T00:00:00.000Z,2018_08_12
2c1ac2ae4cb9b2b35618143ca66d8f74,98d8fb04ea8af6ab860458818ad53bd3,delivered,2018-08-12T16:08:03.000Z,2018-08-12T16:24:26.000Z,2018-08-13T15:26:00.000Z,2018-08-16T17:06:56.000Z,2018-08-27T00:00:00.000Z,2018_08_12
fc4c7a86a9b56a2af04f2bb99cba3fe3,d1fd59e3414732c09402cb5aa70be0dd,delivered,2018-08-12T17:08:45.000Z,2018-08-12T17:24:29.000Z,2018-08-13T13:09:00.000Z,2018-08-16T20:48:31.000Z,2018-08-23T00:00:00.000Z,2018_08_12
730e2dc2bec23dbf9b0594dc01b26ec3,8105703f93b22552cc54833b05568660,delivered,2018-08-12T14:52:42.000Z,2018-08-12T15:05:16.000Z,2018-08-14T16:53:00.000Z,2018-08-22T00:48:49.000Z,2018-08-20T00:00:00.000Z,2018_08_12
45ea696753b4d93fb0cffe87c816a064,9285b668f2790b3dd021861390bbc676,delivered,2018-08-12T21:19:11.000Z,2018-08-12T21:30:19.000Z,2018-08-15T14:31:00.000Z,2018-08-20T17:12:23.000Z,2018-09-18T00:00:00.000Z,2018_08_12
c506776ed3d58a361a80072d7f97aaa5,2177e258ac5a20cb7353b00cf46cf86e,delivered,2018-08-12T20:01:15.000Z,2018-08-12T20:15:15.000Z,2018-08-15T12:12:00.000Z,2018-08-21T00:16:54.000Z,2018-09-10T00:00:00.000Z,2018_08_12
5d28e7e8ae4794ffa06b352990f78234,e0883b000f22acea52d0256b5a866968,delivered,2018-08-12T23:29:24.000Z,2018-08-12T23:45:08.000Z,2018-08-14T16:00:00.000Z,2018-08-21T23:28:26.000Z,2018-08-30T00:00:00.000Z,2018_08_12
3e264051f522e1ac4d07e648a9080784,05714f8e1d0dd41cfe8b94b23166f793,delivered,2018-08-12T18:23:47.000Z,2018-08-12T18:35:19.000Z,2018-08-13T15:36:00.000Z,2018-08-20T23:32:53.000Z,2018-09-12T00:00:00.000Z,2018_08_12
bcaa7f7240deb32b0410ee6cc085d9b4,829d3ea58fe45816348ab857d059a6ae,delivered,2018-08-12T10:33:18.000Z,2018-08-13T10:30:19.000Z,2018-08-13T15:28:00.000Z,2018-08-14T21:48:58.000Z,2018-08-20T00:00:00.000Z,2018_08_12
88d8024d811be666f66e7199e27a830b,3875a06057658fadbb8715a4f25eeaba,delivered,2018-08-12T01:10:43.000Z,2018-08-12T01:25:10.000Z,2018-08-14T13:24:00.000Z,2018-08-18T16:52:48.000Z,2018-08-24T00:00:00.000Z,2018_08_12
f3ab2cdf3ea55d54d480a91a967bb501,976382878bacda15dea36ccd2bfecd54,delivered,2018-08-12T12:57:32.000Z,2018-08-12T13:05:12.000Z,2018-08-13T12:04:00.000Z,2018-08-14T19:11:44.000Z,2018-08-20T00:00:00.000Z,2018_08_12
755a4d6ab201a238e51bc1d1ab18365a,4ff06273ad2be01eeb93e0a2e4babc09,delivered,2018-08-12T22:59:28.000Z,2018-08-13T22:55:18.000Z,2018-08-14T15:48:00.000Z,2018-08-22T22:58:45.000Z,2018-09-10T00:00:00.000Z,2018_08_12
2650182d08952a9f43a4ead5a39630ad,b96e965aed0114174a389c1fa1b0bad1,delivered,2018-08-12T17:16:32.000Z,2018-08-13T17:15:40.000Z,2018-08-17T13:35:00.000Z,2018-08-20T19:28:49.000Z,2018-08-24T00:00:00.000Z,2018_08_12
bb11bd84ba7a993e4e1bb28321f8e573,f2c1deb58ec5364f5d4b8b0c8f78bc88,delivered,2018-08-12T23:46:51.000Z,2018-08-13T00:05:38.000Z,2018-08-13T14:26:00.000Z,2018-08-14T21:34:46.000Z,2018-08-17T00:00:00.000Z,2018_08_12
2027c6ba8a58df2e69194531ff9abfa8,df2cd9d9af76f334696a190d35cc6687,delivered,2018-08-12T16:21:57.000Z,2018-08-14T04:25:11.000Z,2018-08-14T12:47:00.000Z,2018-08-15T18:44:35.000Z,2018-08-20T00:00:00.000Z,2018_08_12
cdeefca5ad0ec35c4d7c5b48ab52e85c,190e6fd65f805d63c39c25217e4acac0,delivered,2018-08-12T08:16:04.000Z,2018-08-12T08:25:09.000Z,2018-08-14T13:03:00.000Z,2018-08-15T17:46:56.000Z,2018-08-20T00:00:00.000Z,2018_08_12
2c113cbb0811cf0b32479bd0bce3379b,078e99036000210bb0d5abb62fdeecee,delivered,2018-08-12T18:24:04.000Z,2018-08-14T04:24:16.000Z,2018-08-22T08:46:00.000Z,2018-08-27T17:21:49.000Z,2018-08-29T00:00:00.000Z,2018_08_12
2645cc89531b7de88149e18d83a13263,bffbcf07c00f5346d8ba5ad4b5cc3019,delivered,2018-08-12T00:16:39.000Z,2018-08-12T00:30:11.000Z,2018-08-13T14:04:00.000Z,2018-08-20T10:41:49.000Z,2018-08-23T00:00:00.000Z,2018_08_12
67e2b633b65efc08fed5fb68e325761b,bbeef4c749841c05d99c16fbc63a89ea,delivered,2018-08-12T23:05:02.000Z,2018-08-13T23:04:10.000Z,2018-08-16T13:00:00.000Z,2018-08-23T23:32:43.000Z,2018-08-30T00:00:00.000Z,2018_08_12
bca32e22d44a9179359d3ee73a26ce49,e998acff98f91507e5d00ca8b10e76e2,delivered,2018-08-12T16:14:44.000Z,2018-08-13T16:10:12.000Z,2018-08-16T15:18:00.000Z,2018-08-21T21:20:38.000Z,2018-08-28T00:00:00.000Z,2018_08_12
0214781b6f9215eb09fb1b78de35b07e,03fcc171d06123c951b373d1bf113748,delivered,2018-08-12T00:34:21.000Z,2018-08-12T01:04:13.000Z,2018-08-13T14:44:00.000Z,2018-08-14T21:22:45.000Z,2018-08-16T00:00:00.000Z,2018_08_12
9ac3e0dd6aeb10079e605b2e0f1cd7de,020c87503e1eeb262f17c9e7c0b556b5,delivered,2018-08-12T00:13:50.000Z,2018-08-12T00:25:12.000Z,2018-08-20T12:31:00.000Z,2018-08-24T15:16:37.000Z,2018-09-06T00:00:00.000Z,2018_08_12
8af6e63a87680604c9bb2098f866505b,e1acd257a377d00f70710a438c472cb5,delivered,2018-08-12T15:36:52.000Z,2018-08-14T04:55:25.000Z,2018-08-16T12:26:00.000Z,2018-08-20T18:04:28.000Z,2018-09-05T00:00:00.000Z,2018_08_12
6a30d0e1fc7dd7c00dc07bcba79c589f,b15640bf0c52f6451ef41c280895d0f1,delivered,2018-08-12T19:42:41.000Z,2018-08-13T19:35:20.000Z,2018-08-14T08:51:00.000Z,2018-08-21T12:18:46.000Z,2018-08-24T00:00:00.000Z,2018_08_12
aa9c455b2d9888927e1b006b22980c5e,7c6f26d1942cbc6f1d17d56e13285e7b,delivered,2018-08-12T19:14:56.000Z,2018-08-12T19:25:21.000Z,2018-08-14T13:31:00.000Z,2018-08-28T00:46:40.000Z,2018-08-27T00:00:00.000Z,2018_08_12
807c258c31674da775e91946b8c5bf7d,ed29bcc5a5d83815eee31ebe14b54d37,delivered,2018-08-12T22:33:04.000Z,2018-08-14T04:24:29.000Z,2018-08-14T13:23:00.000Z,2018-08-17T21:11:44.000Z,2018-08-28T00:00:00.000Z,2018_08_12
ad01e26d29b4818ba6299d1356a130b7,c2a6b573f9d894a18a37d09b680910b3,delivered,2018-08-12T21:06:51.000Z,2018-08-14T05:44:07.000Z,2018-08-15T14:09:00.000Z,2018-08-22T16:09:42.000Z,2018-09-06T00:00:00.000Z,2018_08_12
6295deb0648081b2c69f620033fadc33,55b0a777baab080147369bfa492dbaf6,delivered,2018-08-12T15:19:06.000Z,2018-08-12T15:30:20.000Z,2018-08-14T12:24:00.000Z,2018-08-17T19:28:40.000Z,2018-08-22T00:00:00.000Z,2018_08_12
414b9060105f0e1590abf0d629738326,10617eb08de4394dd08e19b5ca6e624d,delivered,2018-08-12T13:01:30.000Z,2018-08-12T13:15:11.000Z,2018-08-13T15:16:00.000Z,2018-08-17T22:48:39.000Z,2018-08-24T00:00:00.000Z,2018_08_12
c323f00d4d5c7dd40983179c0ca14894,63d14a19ab8e783063d0133f2bfd2fa6,delivered,2018-08-12T15:47:59.000Z,2018-08-12T16:04:25.000Z,2018-08-14T09:43:00.000Z,2018-08-25T01:11:49.000Z,2018-09-04T00:00:00.000Z,2018_08_12
bb1471d7b9aedd3bafa3f2dd40db59de,d2ec3bc5feb94e52cf9bef5cf17cf5c5,delivered,2018-08-12T13:57:31.000Z,2018-08-13T13:55:16.000Z,2018-08-14T12:24:00.000Z,2018-08-16T18:18:51.000Z,2018-08-27T00:00:00.000Z,2018_08_12
3bd9055cde8c3ff6e14396459c776cbf,cd8b1e5a7b8c53ab97a47bdb544e930c,delivered,2018-08-12T00:26:37.000Z,2018-08-12T00:35:14.000Z,2018-08-14T13:16:00.000Z,2018-08-18T19:31:29.000Z,2018-08-22T00:00:00.000Z,2018_08_12
96a056333b6517f334ac928d91dc7e15,59fb48431c37f2c42e245df4cdace347,delivered,2018-08-12T21:12:46.000Z,2018-08-12T21:25:16.000Z,2018-08-24T07:18:00.000Z,2018-08-30T12:24:49.000Z,2018-09-27T00:00:00.000Z,2018_08_12
8ee64ebf7fd7699c94078e53d92ab768,da521c20bb48e350b57493d2810c4d02,delivered,2018-08-12T13:26:21.000Z,2018-08-12T13:35:13.000Z,2018-08-13T12:13:00.000Z,2018-08-17T18:42:40.000Z,2018-09-03T00:00:00.000Z,2018_08_12
9724ff037a78e9215939269a8f52ef19,8a5d92601125597c036996e143bce494,delivered,2018-08-12T20:35:19.000Z,2018-08-12T20:50:24.000Z,2018-08-13T14:49:00.000Z,2018-08-17T19:21:46.000Z,2018-08-24T00:00:00.000Z,2018_08_12
c8ee25817be1ba8d4baa1d441aff6d48,9c770082c3231d8cc46aa872c037b9d2,delivered,2018-08-12T19:56:59.000Z,2018-08-12T20:05:21.000Z,2018-08-13T11:23:00.000Z,2018-08-21T23:28:51.000Z,2018-08-24T00:00:00.000Z,2018_08_12
90ee67e34c9289cc136a3677fc118253,c238318d6dfa22f8c5f753d7f7b45f33,delivered,2018-08-12T19:59:57.000Z,2018-08-13T19:55:17.000Z,2018-08-15T11:29:00.000Z,2018-08-17T16:55:14.000Z,2018-08-28T00:00:00.000Z,2018_08_12
cf703e251309f59e2db9776270cf28bb,ce6437db085f8e5a63c7f918f61691fc,delivered,2018-08-12T16:01:35.000Z,2018-08-12T16:15:11.000Z,2018-08-13T08:17:00.000Z,2018-08-16T11:41:35.000Z,2018-08-31T00:00:00.000Z,2018_08_12
3a2b0d4a2b00020fddcc9d625553a114,7315871a8b3be15baceafef3b6183c0e,shipped,2018-08-12T22:26:07.000Z,2018-08-12T22:35:16.000Z,2018-08-14T09:05:00.000Z,,2018-08-16T00:00:00.000Z,2018_08_12
b027e9d1b5a30853af2663e94f2e8a00,ba93bb3d4a9e2aec793c0f474a071ae2,delivered,2018-08-12T08:36:16.000Z,2018-08-12T08:50:06.000Z,2018-08-17T14:15:00.000Z,2018-08-22T17:28:22.000Z,2018-09-03T00:00:00.000Z,2018_08_12
c3209eebfba86d30279573e94ae46a2b,4ab9f81601aed5ce7c8003eb315f6b9b,delivered,2018-08-12T22:43:14.000Z,2018-08-14T04:45:23.000Z,2018-08-14T15:03:00.000Z,2018-08-15T19:58:25.000Z,2018-08-16T00:00:00.000Z,2018_08_12
df2daf96320942e1449ef115ee1b5624,5ed66a1a89c68472506fa6a66785463b,delivered,2018-08-12T15:22:47.000Z,2018-08-14T04:10:25.000Z,2018-08-21T08:29:00.000Z,2018-08-24T19:59:03.000Z,2018-08-31T00:00:00.000Z,2018_08_12
9f7d811e4738ca24d33c0dc98d2cba67,57353df37982fb517dc5b6249de5cbb3,delivered,2018-08-12T19:14:57.000Z,2018-08-12T19:25:13.000Z,2018-08-13T15:24:00.000Z,2018-08-17T21:04:22.000Z,2018-09-06T00:00:00.000Z,2018_08_12
d195cac9ccaa1394ede717d38d075fac,a3a156d272fd0b0e302d2020357cc0f8,delivered,2018-08-12T18:14:29.000Z,2018-08-12T18:25:16.000Z,2018-08-14T13:41:00.000Z,2018-08-23T02:08:44.000Z,2018-10-04T00:00:00.000Z,2018_08_12
8585531565f837954132c3e78ff8afc7,d1ec94f80186282546f865ed5db47170,delivered,2018-08-12T12:53:18.000Z,2018-08-12T13:05:11.000Z,2018-08-13T16:17:00.000Z,2018-08-16T02:32:18.000Z,2018-08-21T00:00:00.000Z,2018_08_12
63ae84a9387b93ffa05dde71794f61f9,cb2931ea3f789f27dae36f4f94e6c86b,delivered,2018-08-12T21:11:28.000Z,2018-08-12T21:25:16.000Z,2018-08-13T17:57:00.000Z,2018-08-17T18:04:37.000Z,2018-08-23T00:00:00.000Z,2018_08_12
1a785632cbf5301f146c5b3c67268911,9b1235a30973118303a0a017d3b5793b,delivered,2018-08-12T18:04:00.000Z,2018-08-12T18:24:19.000Z,2018-08-13T17:20:00.000Z,2018-08-21T17:41:09.000Z,2018-08-27T00:00:00.000Z,2018_08_12
187098e4e124f41f3a325782e3c372ac,39da874a859b9e6124e1b121131937a1,delivered,2018-08-12T10:39:58.000Z,2018-08-12T10:55:12.000Z,2018-08-13T13:48:00.000Z,2018-08-17T13:46:26.000Z,2018-08-24T00:00:00.000Z,2018_08_12
911caddee9193485ecfacba64e139beb,a33988fde632872a5c5458823b9c2d01,delivered,2018-08-12T21:16:42.000Z,2018-08-12T21:30:50.000Z,2018-08-15T12:12:00.000Z,2018-08-23T18:53:44.000Z,2018-09-10T00:00:00.000Z,2018_08_12
23c6b96eb0aa6024129f306af7befe3e,2d0ef7c75a0403680d304c62ba3b2721,delivered,2018-08-12T10:08:01.000Z,2018-08-12T10:24:31.000Z,2018-08-22T15:27:00.000Z,2018-08-27T19:27:52.000Z,2018-08-31T00:00:00.000Z,2018_08_12
73c1b352d22c76a80877525319449412,ccd5f93d7fbea14090e5178994049583,delivered,2018-08-12T23:58:09.000Z,2018-08-13T00:15:10.000Z,2018-08-15T06:41:00.000Z,2018-08-21T19:22:47.000Z,2018-09-03T00:00:00.000Z,2018_08_12
657ea9232c582c9e40330a60f68dc189,37dc44dfae678962e8b35133ab925246,delivered,2018-08-12T16:01:45.000Z,2018-08-13T15:55:18.000Z,2018-08-15T14:30:00.000Z,2018-08-20T19:55:45.000Z,2018-08-23T00:00:00.000Z,2018_08_12
fd7f923cec63405c5df9b1f05d0572bb,d350a613608b1daf059e9ecf45d0aa54,delivered,2018-08-12T11:24:47.000Z,2018-08-12T11:35:16.000Z,2018-08-13T13:11:00.000Z,2018-08-17T01:52:31.000Z,2018-08-23T00:00:00.000Z,2018_08_12
6e1a8bb31b6a7f387513f6a62ca4a66f,1b65a9d6bd83772340252ea663eb6a52,delivered,2018-08-12T15:55:36.000Z,2018-08-12T16:05:13.000Z,2018-08-13T15:49:00.000Z,2018-08-14T16:12:08.000Z,2018-08-16T00:00:00.000Z,2018_08_12
795c16acb4e3c30dfa5b6827727ef488,d2727dd889fb74cc0b8d40cfaba7a696,delivered,2018-08-12T10:41:39.000Z,2018-08-12T10:55:12.000Z,2018-08-16T13:40:00.000Z,2018-08-20T19:48:50.000Z,2018-08-30T00:00:00.000Z,2018_08_12
1f68fb8b75dab6bde29558a8f1c8fe34,e761fa60706c9383584a879dadec7d64,delivered,2018-08-12T09:43:40.000Z,2018-08-14T04:44:20.000Z,2018-08-14T10:11:00.000Z,2018-08-24T20:48:30.000Z,2018-09-26T00:00:00.000Z,2018_08_12
4e6998b16cea0eaa364e4e20c31ea5a5,ebb49c4725b53f20d3b9ee915dc85365,delivered,2018-08-12T19:30:53.000Z,2018-08-12T19:45:13.000Z,2018-08-16T14:10:00.000Z,2018-08-23T23:12:08.000Z,2018-08-28T00:00:00.000Z,2018_08_12
71c22e96648b3b4f4c78e6e4de6bdc0a,34187558ea2cd0d9f69474373a707779,delivered,2018-08-12T21:31:36.000Z,2018-08-12T22:04:25.000Z,2018-08-13T16:59:00.000Z,2018-08-17T17:46:53.000Z,2018-08-24T00:00:00.000Z,2018_08_12
188804952924592ac0678c7ab1b42860,02469bb79cf0096970abae40244a4c6f,delivered,2018-08-12T13:51:25.000Z,2018-08-12T14:04:36.000Z,2018-08-13T13:40:00.000Z,2018-08-30T12:21:35.000Z,2018-09-17T00:00:00.000Z,2018_08_12
611a2fcea0dd6ddfd383514c75a6834b,63866ff0f24fe466c2a6a2c19e76793b,delivered,2018-08-12T20:12:07.000Z,2018-08-12T20:25:14.000Z,2018-08-15T13:56:00.000Z,2018-08-22T15:27:37.000Z,2018-09-12T00:00:00.000Z,2018_08_12
d51e56e6a1d66d3b91bf2334a386cd69,4e9f7c472ba693814a2f590db355c0c6,delivered,2018-08-12T21:03:49.000Z,2018-08-12T21:15:14.000Z,2018-08-23T15:41:00.000Z,2018-08-27T13:37:51.000Z,2018-09-04T00:00:00.000Z,2018_08_12
eb71a8bb87819d656f272861f49e3477,5c46e02c6ae6bc6d3a6f33966d05917c,delivered,2018-08-12T14:35:52.000Z,2018-08-14T04:24:22.000Z,2018-08-15T12:49:00.000Z,2018-08-16T13:38:42.000Z,2018-08-17T00:00:00.000Z,2018_08_12
573b067a37070f89ee054b516f889171,2ae5618c6b6cdb298dccef0e69bc7850,delivered,2018-08-12T23:31:05.000Z,2018-08-13T14:15:21.000Z,2018-08-21T09:40:00.000Z,2018-08-29T16:03:18.000Z,2018-09-04T00:00:00.000Z,2018_08_12
d83d299f99cc0cc92038c685c73f60d6,36ff5b9abf34399f011005832bfd57a3,delivered,2018-08-12T19:59:26.000Z,2018-08-12T20:15:17.000Z,2018-08-13T13:57:00.000Z,2018-08-20T17:41:47.000Z,2018-08-29T00:00:00.000Z,2018_08_12
34b52e1c183144d83dae0e368e920950,59803495009fd20d25c7a207b6a6fb81,delivered,2018-08-12T11:56:55.000Z,2018-08-12T12:05:17.000Z,2018-08-13T15:09:00.000Z,2018-08-14T15:50:51.000Z,2018-08-17T00:00:00.000Z,2018_08_12
f09afa8a9cfcfba64cb18282881fe509,9c86f05a667e70dbf3bc34004eaa113d,delivered,2018-08-12T11:04:12.000Z,2018-08-12T11:24:18.000Z,2018-08-13T12:03:00.000Z,2018-08-27T16:54:33.000Z,2018-09-12T00:00:00.000Z,2018_08_12
1d46325dfd950feac6d805fe8a5bb44c,17c0058d0378dbfb60de56d8ff83a4d0,delivered,2018-08-12T21:07:27.000Z,2018-08-12T21:24:13.000Z,2018-08-13T12:06:00.000Z,2018-08-16T19:57:35.000Z,2018-08-27T00:00:00.000Z,2018_08_12
1e0a395430b20ee676be812c714b1ba6,8c83d3f25416f79406586ed2755d7b4d,delivered,2018-08-12T17:36:30.000Z,2018-08-12T17:50:10.000Z,2018-08-13T14:55:00.000Z,2018-08-16T17:24:43.000Z,2018-08-27T00:00:00.000Z,2018_08_12
128e2bcc764e1cf5e4952af2267acef2,dcce0deb2cfd275ada38c06da3c2a01a,delivered,2018-08-12T20:13:01.000Z,2018-08-14T05:44:08.000Z,2018-08-14T13:19:00.000Z,2018-08-15T18:51:59.000Z,2018-08-16T00:00:00.000Z,2018_08_12
edd9339c2bbb9d43caa9dd4984474273,bc549205ad91d6f739d807701f180953,delivered,2018-08-12T10:56:19.000Z,2018-08-12T11:05:12.000Z,2018-08-13T13:43:00.000Z,2018-08-25T19:26:51.000Z,2018-08-22T00:00:00.000Z,2018_08_12
41b03a6bad9f1feda28efccd5e428117,9b25c5c00e0f24ef535c3638d1a8781e,delivered,2018-08-12T17:55:59.000Z,2018-08-12T18:05:19.000Z,2018-08-17T14:57:00.000Z,2018-08-23T19:59:08.000Z,2018-08-30T00:00:00.000Z,2018_08_12
8e378f2d3b581a5c5ce099dd32dfb422,30f32764afe954fa9bc8428792588f0d,delivered,2018-08-12T15:42:01.000Z,2018-08-14T04:35:20.000Z,2018-08-14T08:56:00.000Z,2018-08-15T16:56:20.000Z,2018-08-16T00:00:00.000Z,2018_08_12
dac3a461489588cac0ab57343d625915,2602c389a85fd89b069f888e910bce3a,delivered,2018-08-12T16:16:45.000Z,2018-08-13T13:44:45.000Z,2018-08-14T13:54:00.000Z,2018-08-18T14:52:27.000Z,2018-08-16T00:00:00.000Z,2018_08_12
6cdb86865449a92089579ea715e1c1d1,996ebd04fae62e927c850d835a95b693,delivered,2018-08-12T19:42:43.000Z,2018-08-12T19:55:17.000Z,2018-08-15T15:01:00.000Z,2018-08-16T21:09:27.000Z,2018-08-21T00:00:00.000Z,2018_08_12
1fc9d04a738b6f63d5803e444c2228c8,5ef48a50490097673c18755851059261,delivered,2018-08-12T11:29:37.000Z,2018-08-12T11:45:15.000Z,2018-08-13T14:45:00.000Z,2018-08-16T18:18:50.000Z,2018-08-22T00:00:00.000Z,2018_08_12
a522b7580df244e07961a4c4975f9824,9a775cf29c23851d803a901003b591f7,delivered,2018-08-12T16:26:59.000Z,2018-08-12T16:35:19.000Z,2018-08-13T16:04:00.000Z,2018-08-22T04:46:44.000Z,2018-09-10T00:00:00.000Z,2018_08_12
087b9476284aab4d762f05d8c0181aab,05ae07724e12ebb587685c8acdb8260c,delivered,2018-08-12T20:52:56.000Z,2018-08-14T04:35:25.000Z,2018-08-23T09:16:00.000Z,2018-08-30T22:44:28.000Z,2018-09-06T00:00:00.000Z,2018_08_12
723fdebe8280ea74fca298382c4d7ac7,bb7a94644a9bd3b4116876c4a6380e1b,shipped,2018-08-12T21:51:12.000Z,2018-08-12T22:04:26.000Z,2018-08-13T15:19:00.000Z,,2018-08-16T00:00:00.000Z,2018_08_12
31030688bc36fe767e310ec81b02c80d,d1a456126557b5109218a9e91035eb01,delivered,2018-08-12T15:17:26.000Z,2018-08-12T15:30:22.000Z,2018-08-14T13:58:00.000Z,2018-08-15T18:46:47.000Z,2018-08-23T00:00:00.000Z,2018_08_12
a41466cb3e72f333ad56e60b2d2c1ec8,dd2b7f0078263ec60c5bb1eee112e330,delivered,2018-08-12T15:11:34.000Z,2018-08-12T15:25:22.000Z,2018-08-13T14:32:00.000Z,2018-08-17T22:57:52.000Z,2018-08-22T00:00:00.000Z,2018_08_12
db039e7843c76cf2857fb12ee96e2e9f,d2fe2102c4560f79710d7bb7f61d555c,delivered,2018-08-12T20:35:33.000Z,2018-08-12T20:50:18.000Z,2018-08-14T15:01:00.000Z,2018-08-15T16:23:39.000Z,2018-08-17T00:00:00.000Z,2018_08_12
f2d6c25c24dec1cb1f8eeba2203634b5,57244724368844b9ccf59f216d2bb822,delivered,2018-08-12T20:58:54.000Z,2018-08-12T21:15:11.000Z,2018-08-13T15:25:00.000Z,2018-08-24T17:38:34.000Z,2018-09-12T00:00:00.000Z,2018_08_12
f719f5e18ea61d821edd4a1c8d191b05,b4e47d28c7ad1902d486162b8fe5303d,delivered,2018-08-12T16:51:37.000Z,2018-08-12T17:04:23.000Z,2018-08-14T11:14:00.000Z,2018-08-20T20:48:39.000Z,2018-09-04T00:00:00.000Z,2018_08_12
99d834a0bb72d31e3d0af9bcfe70f175,e28bfc9e45a64c306ae48abfb02e573e,delivered,2018-08-12T11:33:45.000Z,2018-08-12T11:45:08.000Z,2018-08-15T13:54:00.000Z,2018-08-17T13:05:39.000Z,2018-09-06T00:00:00.000Z,2018_08_12
153a3985482d189af613f19120de205f,b35b1cf12fb166b4764e0962bc87ab18,delivered,2018-08-12T11:50:31.000Z,2018-08-12T12:04:28.000Z,2018-08-14T17:16:00.000Z,2018-08-17T18:02:18.000Z,2018-08-21T00:00:00.000Z,2018_08_12
d8c8bece281c5226428ab03f72ae8416,9e17dac452c8ff31056ceb4e669a9aac,delivered,2018-08-12T18:19:12.000Z,2018-08-14T04:44:19.000Z,2018-08-14T17:01:00.000Z,2018-08-16T18:03:46.000Z,2018-08-28T00:00:00.000Z,2018_08_12
733e030acd7fb0584a2e64f9a981e9fc,c07f2bf6906f534e25308dd71d4bb97c,delivered,2018-08-12T11:55:11.000Z,2018-08-12T12:05:12.000Z,2018-08-13T15:42:00.000Z,2018-08-18T12:32:45.000Z,2018-08-31T00:00:00.000Z,2018_08_12
4822b9a2b5589396deb0956b2b844afa,78875a0fca40b8c6efc4935ae3b02149,delivered,2018-08-12T18:06:46.000Z,2018-08-12T18:24:17.000Z,2018-08-17T11:22:00.000Z,2018-08-24T22:36:43.000Z,2018-08-29T00:00:00.000Z,2018_08_12
c44ed29052c8a491969a295bd20583a8,84016d3dcdcb41e1a831dc093b1a81c4,delivered,2018-08-12T22:59:04.000Z,2018-08-14T05:35:26.000Z,2018-08-14T15:14:00.000Z,2018-08-21T22:19:44.000Z,2018-08-31T00:00:00.000Z,2018_08_12
ea6ce509b0aa60471f0b6c0029797d6c,e9042972821553d66af10bb64fffd0fe,delivered,2018-08-12T17:52:19.000Z,2018-08-12T18:05:18.000Z,2018-08-14T13:52:00.000Z,2018-08-28T04:26:34.000Z,2018-09-10T00:00:00.000Z,2018_08_12
da2b5ed33ae5068005e9d2c43e7a3de1,884909e6ce4397ea2d53b086601162cf,delivered,2018-08-12T06:35:38.000Z,2018-08-12T06:50:08.000Z,2018-08-13T11:33:00.000Z,2018-08-21T16:19:33.000Z,2018-08-23T00:00:00.000Z,2018_08_12
58d9d5cd92518cf1b61072e5edfd768d,358f1d26a875965091ac00815a656597,shipped,2018-08-12T12:13:28.000Z,2018-08-12T12:25:11.000Z,2018-08-15T15:32:00.000Z,,2018-08-24T00:00:00.000Z,2018_08_12
e861ee18496aaa4aa146335b10d2fcec,48081be9b0b72cc8aeae1c6ad2112b91,delivered,2018-08-12T16:58:15.000Z,2018-08-12T17:44:20.000Z,2018-08-14T14:18:00.000Z,2018-08-15T20:38:24.000Z,2018-08-24T00:00:00.000Z,2018_08_12
e6670c9089973cc68e5b90b7d1f4fec4,bdbf22817eb36add4815586f4957adb1,delivered,2018-08-12T22:21:44.000Z,2018-08-12T22:30:17.000Z,2018-08-15T12:47:00.000Z,2018-08-21T14:18:51.000Z,2018-08-30T00:00:00.000Z,2018_08_12
86399a62def7e6b76d52b5cfd4cb7276,941e30395a4bbcde5838d0f07fae1b40,delivered,2018-08-12T08:07:16.000Z,2018-08-12T08:24:25.000Z,2018-08-13T16:14:00.000Z,2018-08-22T15:52:00.000Z,2018-08-27T00:00:00.000Z,2018_08_12
a9d1327838b1c183fc288f0d2bf23d32,23e9a05c114b1513d55e235a93d8a6e7,delivered,2018-08-12T10:41:48.000Z,2018-08-12T10:55:11.000Z,2018-08-13T13:07:00.000Z,2018-08-14T20:07:36.000Z,2018-08-16T00:00:00.000Z,2018_08_12
865632b4b7bd773e94d482105b596672,5fd3fb3154ea15e052970628d6fc6f6d,delivered,2018-08-12T14:55:36.000Z,2018-08-12T15:05:19.000Z,2018-08-13T15:30:00.000Z,2018-08-21T18:37:47.000Z,2018-09-05T00:00:00.000Z,2018_08_12
c796b93238b8e2269a4f43ce3324ab08,28dd2973d32fc3aa400077b18c0f2671,delivered,2018-08-12T07:51:18.000Z,2018-08-12T08:04:26.000Z,2018-08-14T15:03:00.000Z,2018-08-21T17:04:41.000Z,2018-08-31T00:00:00.000Z,2018_08_12
3e08073801107359115073f8d03b595b,c3211ae63a4814cb50a4d202e924fb5f,delivered,2018-08-12T07:47:57.000Z,2018-08-12T08:04:27.000Z,2018-08-13T12:26:00.000Z,2018-08-14T19:02:13.000Z,2018-08-27T00:00:00.000Z,2018_08_12
28828f489c91c1e32c3840fdd57d5d43,f86df632fc1df8cff19cedf257056e5f,delivered,2018-08-12T11:16:23.000Z,2018-08-12T11:25:08.000Z,2018-08-13T15:20:00.000Z,2018-08-21T20:31:48.000Z,2018-09-03T00:00:00.000Z,2018_08_12
e15b045cc5ef21643887f0a5d22327b7,9fd8a2d7ba5bb7f2653050c7c2b83115,delivered,2018-08-12T19:11:01.000Z,2018-08-12T19:25:16.000Z,2018-08-13T13:06:00.000Z,2018-08-20T20:03:31.000Z,2018-08-22T00:00:00.000Z,2018_08_12
c54125146b0e42fbe85ada6802c51f30,eb1992e3905f9f9085b031e36b98e4dc,delivered,2018-08-12T15:37:11.000Z,2018-08-12T15:50:11.000Z,2018-08-13T15:19:00.000Z,2018-08-16T21:42:05.000Z,2018-08-27T00:00:00.000Z,2018_08_12
bd1e47bffae57a3de85b034cb9d7a89f,633fd0b12f89cd6869975b2e7c393335,delivered,2018-08-12T09:56:51.000Z,2018-08-12T10:10:10.000Z,2018-08-13T13:26:00.000Z,2018-08-22T19:16:34.000Z,2018-09-11T00:00:00.000Z,2018_08_12
ca3625898fbd48669d50701aba51cd5f,0d861a5e4dd6a9079d89e1330848f0ab,delivered,2018-08-12T02:11:20.000Z,2018-08-12T02:25:07.000Z,2018-08-13T11:15:00.000Z,2018-08-21T12:18:48.000Z,2018-09-13T00:00:00.000Z,2018_08_12
d441cd7f8afccef29e5a0c8e3021d0de,54a4c64c93287805c37daacbcaaf43d2,delivered,2018-08-12T21:53:18.000Z,2018-08-12T22:05:11.000Z,2018-08-14T13:21:00.000Z,2018-08-17T17:08:36.000Z,2018-08-23T00:00:00.000Z,2018_08_12
ba772856bdab971f8c7eae9e03cf8706,c4c4d26a00f19c91e319f41dd10170e9,delivered,2018-08-12T20:58:37.000Z,2018-08-13T20:55:31.000Z,2018-08-14T15:47:00.000Z,2018-08-17T20:28:26.000Z,2018-08-23T00:00:00.000Z,2018_08_12
d61e579dc82353a7160f9fc870376460,243ec46b2d1ede1c56821491f256d7c7,delivered,2018-08-12T20:30:51.000Z,2018-08-12T20:44:20.000Z,2018-08-13T14:16:00.000Z,2018-08-16T14:02:58.000Z,2018-08-24T00:00:00.000Z,2018_08_12
54c1bb9fd5410f38a13229f44d9b7e67,24e944da91a76314aa9037020d9b3964,delivered,2018-08-12T23:44:30.000Z,2018-08-12T23:55:13.000Z,2018-08-13T15:24:00.000Z,2018-08-14T21:18:40.000Z,2018-08-16T00:00:00.000Z,2018_08_12
7b9993b735d04c56ac0c688400deb500,404a808ea732a8bb8c4552e6b2397375,shipped,2018-08-12T14:15:40.000Z,2018-08-12T14:25:08.000Z,2018-08-14T16:53:00.000Z,,2018-08-29T00:00:00.000Z,2018_08_12
fafff116dd16dce96698db22844e3146,cf72101ceed03445f4484b48896b4b35,delivered,2018-08-12T20:28:38.000Z,2018-08-12T20:45:08.000Z,2018-08-13T11:22:00.000Z,2018-08-16T19:03:55.000Z,2018-08-27T00:00:00.000Z,2018_08_12
1723f84b8a70b486955d59dad4bed0f2,91b356b143fb995d46c231bdcaace267,delivered,2018-08-12T21:51:05.000Z,2018-08-12T22:05:00.000Z,2018-08-13T12:05:00.000Z,2018-08-23T10:48:48.000Z,2018-08-27T00:00:00.000Z,2018_08_12
8f45eebf4554e796f1e35f7c2fc16190,ae4413c400d35b618205ca0460ba08ef,delivered,2018-08-12T09:31:22.000Z,2018-08-12T09:45:13.000Z,2018-08-17T14:15:00.000Z,2018-08-23T11:51:55.000Z,2018-08-31T00:00:00.000Z,2018_08_12
3a1ce8f7e9dfdcc0446a9f29f1457f52,06bb4664cc9f34e9b19b75cefeefbc73,delivered,2018-08-12T17:46:39.000Z,2018-08-12T17:55:15.000Z,2018-08-15T13:54:00.000Z,2018-08-20T22:56:38.000Z,2018-08-31T00:00:00.000Z,2018_08_12
db0bd04c3beff2d041d364ce8d96b2f0,3ac65bf8cf7bea336ad70d583da199cc,delivered,2018-08-12T10:34:07.000Z,2018-08-12T10:50:09.000Z,2018-08-17T09:10:00.000Z,2018-08-23T16:51:39.000Z,2018-09-28T00:00:00.000Z,2018_08_12
b9fb62bee137cab9842bf7427c640778,70de6d423133ff1c0026cd0ffe0b1428,delivered,2018-08-12T20:25:00.000Z,2018-08-12T20:35:21.000Z,2018-08-13T13:58:00.000Z,2018-08-16T20:53:23.000Z,2018-08-23T00:00:00.000Z,2018_08_12
95169e040d35061fb85e797d1c163573,883600bd2142d1bc739a9ee7371d13ec,delivered,2018-08-12T19:31:01.000Z,2018-08-12T19:45:24.000Z,2018-08-13T14:00:00.000Z,2018-08-17T17:41:47.000Z,2018-09-03T00:00:00.000Z,2018_08_12
0661cdf16c55936467e8d8c561e50730,38bb17584178abe8b36778530f75d810,delivered,2018-08-12T10:49:23.000Z,2018-08-12T11:04:22.000Z,2018-08-23T14:51:00.000Z,2018-08-25T17:18:00.000Z,2018-08-27T00:00:00.000Z,2018_08_12
a91e629d7c60ee83c467d41250528cc5,415c13b4489f9e0714a91d93d347f924,delivered,2018-08-12T17:34:48.000Z,2018-08-14T14:10:19.000Z,2018-08-15T13:33:00.000Z,2018-08-22T17:48:55.000Z,2018-08-30T00:00:00.000Z,2018_08_12
990eab27d0855cf08464eec60d4c18f5,339330c8fb9b0d9f9d5a1e2bd7e29ad7,delivered,2018-08-12T11:33:02.000Z,2018-08-12T11:45:17.000Z,2018-08-13T14:24:00.000Z,2018-08-20T19:32:46.000Z,2018-08-29T00:00:00.000Z,2018_08_12
b3ccbde27ee2833da8d2683e29d73307,ee2fb723a75833c55fa34e4389a88d07,delivered,2018-08-12T20:39:39.000Z,2018-08-12T20:50:22.000Z,2018-08-13T14:47:00.000Z,2018-08-14T21:21:52.000Z,2018-08-28T00:00:00.000Z,2018_08_12
3ea7135b7064169abacfc10aa72f2e3a,1d4bf184a06178a13974e82fe96f26df,delivered,2018-08-12T13:21:59.000Z,2018-08-12T13:35:14.000Z,2018-08-13T17:57:00.000Z,2018-08-21T21:16:33.000Z,2018-09-12T00:00:00.000Z,2018_08_12
dd1254ca982d33390f4268c104bcb5b3,c5f44836bcc16b7942d09800e7f23f99,delivered,2018-08-12T13:03:21.000Z,2018-08-14T08:50:21.000Z,2018-08-15T14:26:00.000Z,2018-08-22T13:52:41.000Z,2018-09-10T00:00:00.000Z,2018_08_12
3b0353c6b736cdf2d363f3ab39356b55,fa52c1392ff747ce86471fb9f1e16c31,delivered,2018-08-12T20:43:42.000Z,2018-08-14T05:35:20.000Z,2018-08-14T13:18:00.000Z,2018-08-18T18:20:36.000Z,2018-08-29T00:00:00.000Z,2018_08_12
35acd7d0da0be873dde0470893f3d5c2,8c40d1a7ac21ddf12b0f2c82c6857769,delivered,2018-08-12T19:50:00.000Z,2018-08-12T20:04:32.000Z,2018-08-16T13:27:00.000Z,2018-08-20T20:34:23.000Z,2018-08-27T00:00:00.000Z,2018_08_12
4a987097277f21bd90f8d6e50af76593,b29693f7db88126b2b3dc47b54ab7d7f,delivered,2018-08-12T23:25:26.000Z,2018-08-12T23:35:16.000Z,2018-08-13T10:04:00.000Z,2018-08-21T16:42:58.000Z,2018-09-10T00:00:00.000Z,2018_08_12
0affd51e37e6621004e4fe4fd7c64f4b,693d7169ea4da2b4cb918c2c9b7e290d,delivered,2018-08-12T15:42:03.000Z,2018-08-12T15:55:19.000Z,2018-08-24T14:33:00.000Z,2018-08-29T17:16:50.000Z,2018-09-13T00:00:00.000Z,2018_08_12
3c91fb2601d8d06e7e3c9ee4f79060c0,aa680976703cc404563da71518e6b940,delivered,2018-08-12T15:08:24.000Z,2018-08-12T15:24:34.000Z,2018-08-14T15:39:00.000Z,2018-08-16T20:24:37.000Z,2018-08-24T00:00:00.000Z,2018_08_12
487b0b7a323d6f88a2ef4e194cdfd287,adb4e5bac17156ebb312828a527d9d61,delivered,2018-08-12T17:49:23.000Z,2018-08-12T18:04:26.000Z,2018-08-13T14:53:00.000Z,2018-08-23T17:48:52.000Z,2018-08-23T00:00:00.000Z,2018_08_12
c97d02761ac50ebad2f99e2c4b710976,0babcbd58b162c0717951ef799d3a3de,delivered,2018-08-12T18:56:34.000Z,2018-08-12T19:05:18.000Z,2018-08-13T14:27:00.000Z,2018-08-17T22:56:52.000Z,2018-08-30T00:00:00.000Z,2018_08_12
5fab55847de7117fd67d9522ef1db87d,1c9c9037a0b8785a354eff038ab99fc2,delivered,2018-08-12T09:20:39.000Z,2018-08-12T09:44:23.000Z,2018-08-13T06:01:00.000Z,2018-08-18T15:38:38.000Z,2018-08-24T00:00:00.000Z,2018_08_12
ccf572d63a735cf61e606a64d665fe95,9d17a6d0a33240368a86fb3136148b53,delivered,2018-08-12T12:31:10.000Z,2018-08-12T12:45:08.000Z,2018-08-14T12:24:00.000Z,2018-08-21T22:03:31.000Z,2018-09-03T00:00:00.000Z,2018_08_12
e118373a9e97e99fd3876fe78d34f501,7544eef54d4c048f168199ed39b6698b,delivered,2018-08-12T18:45:22.000Z,2018-08-13T10:15:21.000Z,2018-08-23T13:59:00.000Z,2018-08-30T13:03:37.000Z,2018-09-11T00:00:00.000Z,2018_08_12
9a9cac4ec55eecd7cbb85d77af0f07cf,c0220048be27a3faa01fab2bc5d5354f,delivered,2018-08-12T21:51:20.000Z,2018-08-12T22:04:26.000Z,2018-08-14T14:09:00.000Z,2018-08-23T20:38:44.000Z,2018-09-17T00:00:00.000Z,2018_08_12
575bfb61f87cbd5b35f76ca953e1edff,f6a37d2205361441f0b53092bb4dae6c,delivered,2018-08-12T22:59:23.000Z,2018-08-12T23:15:12.000Z,2018-08-13T13:31:00.000Z,2018-08-20T17:11:00.000Z,2018-09-13T00:00:00.000Z,2018_08_12
ea7e5e953d0446082a6667e945c9c9b0,ea42eb64123b7ae057842bdb7406dc55,delivered,2018-08-12T11:03:19.000Z,2018-08-12T11:15:11.000Z,2018-08-13T16:12:00.000Z,2018-08-14T18:40:59.000Z,2018-08-17T00:00:00.000Z,2018_08_12
cdaa0dca6483df88852d59902ad653a6,989a7f021cfd9d7fbcb25ad2ec542f41,delivered,2018-08-12T13:41:42.000Z,2018-08-13T13:44:26.000Z,2018-08-14T10:22:00.000Z,2018-08-23T03:20:47.000Z,2018-09-17T00:00:00.000Z,2018_08_12
f3a5912c19c19f1c1bbbb7a47ed9afc6,1598b6d820a0d38b815e6643f972d02f,delivered,2018-08-12T19:39:00.000Z,2018-08-12T19:50:10.000Z,2018-08-13T12:50:00.000Z,2018-08-22T16:17:58.000Z,2018-08-30T00:00:00.000Z,2018_08_12
1db3715533e603dd564cc484cdcf99fd,924ae879dd26064fa0628f0d2ee943b9,delivered,2018-08-12T09:28:01.000Z,2018-08-14T04:50:29.000Z,2018-08-15T15:01:00.000Z,2018-08-17T17:54:34.000Z,2018-08-22T00:00:00.000Z,2018_08_12
ad2891e57d3697aab5379b457214511a,fbf502ace030c7721fa678317d2567a0,delivered,2018-08-12T13:36:59.000Z,2018-08-12T13:50:13.000Z,2018-08-14T14:24:00.000Z,2018-08-27T23:43:48.000Z,2018-09-06T00:00:00.000Z,2018_08_12
afba2edab5bba30a0bfcb7fd9ba3d017,14bfea91b8c15d200b1eaf45add92e3f,delivered,2018-08-12T22:43:58.000Z,2018-08-12T22:55:17.000Z,2018-08-14T15:29:00.000Z,2018-08-17T22:33:52.000Z,2018-08-17T00:00:00.000Z,2018_08_12
7c62cf0327c291a9f3d7d3394b4c0166,464b815e53d5593b7748577c0c8b0c2f,delivered,2018-08-12T17:13:52.000Z,2018-08-12T17:25:15.000Z,2018-08-13T13:30:00.000Z,2018-08-17T13:41:09.000Z,2018-08-27T00:00:00.000Z,2018_08_12
8fe825d77766b84755ebf0c58017e4ea,865f156230a67d5d9654373482f92695,delivered,2018-08-12T23:34:08.000Z,2018-08-12T23:50:12.000Z,2018-08-13T15:03:00.000Z,2018-08-22T14:32:54.000Z,2018-08-24T00:00:00.000Z,2018_08_12
dd8be73e85782b63839fa3ef40ac6710,c2580e74802260a0d0631965d7d67050,delivered,2018-08-12T11:09:02.000Z,2018-08-12T11:24:18.000Z,2018-08-15T13:56:00.000Z,2018-08-28T21:53:37.000Z,2018-09-10T00:00:00.000Z,2018_08_12
d4d73731dbf0f0426e8f7e762064d015,3e89547c3d2fe1176ad79c6715553fe5,delivered,2018-08-12T13:33:55.000Z,2018-08-12T13:45:09.000Z,2018-08-13T16:05:00.000Z,2018-08-23T16:51:38.000Z,2018-09-10T00:00:00.000Z,2018_08_12
e6cc2e902e9f3b9a8c3fd2f60447bfd0,039eebca4d46be9067692e9611a7207a,delivered,2018-08-12T19:17:28.000Z,2018-08-12T19:30:20.000Z,2018-08-22T12:06:00.000Z,2018-08-27T18:48:32.000Z,2018-09-04T00:00:00.000Z,2018_08_12
b03dfb47398de3e47e35c90db919d907,47fa58a5288e5ccfbc5e3c873cd9d5fa,delivered,2018-08-12T16:11:56.000Z,2018-08-13T16:05:58.000Z,2018-08-15T13:54:00.000Z,2018-08-22T16:12:00.000Z,2018-08-30T00:00:00.000Z,2018_08_12
750fac445e827530d79e0a2050dbcd9c,f742b8152818738cf8ed12cff171bad5,shipped,2018-08-12T10:12:40.000Z,2018-08-14T05:44:12.000Z,2018-08-14T14:11:00.000Z,,2018-08-22T00:00:00.000Z,2018_08_12
aee0d5464f3b889a06716a820b1a60e3,b3ade267c69f240d19dfa6a302d0803a,delivered,2018-08-12T20:14:22.000Z,2018-08-12T20:25:11.000Z,2018-08-13T13:25:00.000Z,2018-08-18T13:54:51.000Z,2018-09-13T00:00:00.000Z,2018_08_12
11572de9a5e342dcd81a2843b998d4d6,0a558d12e4f17bdc05e2a498747d0e07,delivered,2018-08-12T13:02:52.000Z,2018-08-12T13:15:11.000Z,2018-08-13T12:19:00.000Z,2018-08-15T19:47:47.000Z,2018-08-23T00:00:00.000Z,2018_08_12
a080255684c6772ec5153e1b847c9240,7dab36b82e07d989f8baffeded52c492,delivered,2018-08-12T22:57:03.000Z,2018-08-12T23:15:15.000Z,2018-08-13T10:40:00.000Z,2018-08-20T19:08:25.000Z,2018-09-25T00:00:00.000Z,2018_08_12
9c984f2c226fb999a439fcc64c73caa2,160cc5a8d976cb41c7c1d059a01c8cd8,delivered,2018-08-12T20:09:11.000Z,2018-08-12T20:44:07.000Z,2018-08-13T15:27:00.000Z,2018-08-17T21:48:30.000Z,2018-08-28T00:00:00.000Z,2018_08_12
db29e664063fa3557cde395e02920f42,45c0488bbf01d069aa286319b66e22e7,delivered,2018-08-12T20:10:32.000Z,2018-08-13T20:10:08.000Z,2018-08-14T11:50:00.000Z,2018-08-18T13:48:21.000Z,2018-08-20T00:00:00.000Z,2018_08_12
238316b0b618fa83761d76afebbf6e46,10aab4c4b2ab24797517dde37deae450,delivered,2018-08-12T21:33:04.000Z,2018-08-13T21:25:19.000Z,2018-08-14T15:03:00.000Z,2018-08-21T20:42:43.000Z,2018-08-28T00:00:00.000Z,2018_08_12
1539046dbe3e4a2ea41e0fc3e7e50cc5,edb19eef9b4f25d30662d8964f0c830b,delivered,2018-08-12T12:12:27.000Z,2018-08-12T12:25:15.000Z,2018-08-16T13:28:00.000Z,2018-08-23T00:58:41.000Z,2018-08-24T00:00:00.000Z,2018_08_12
b511f786475cb429361d4d269c1bbef9,1da2620e2c9b0badca933d988c22e79a,delivered,2018-08-12T21:58:25.000Z,2018-08-12T22:10:11.000Z,2018-08-14T11:24:00.000Z,2018-08-22T00:57:42.000Z,2018-09-04T00:00:00.000Z,2018_08_12
16bca95ea5b4327cdf4a33ba25fa9760,7c8df632741577655c609c9d71b69720,delivered,2018-08-12T16:11:49.000Z,2018-08-12T16:25:18.000Z,2018-08-21T13:15:00.000Z,2018-08-28T20:03:39.000Z,2018-09-05T00:00:00.000Z,2018_08_12
2d856083b0b7c9f8a7bd4f59986eafec,f95fb411cd509902774af543e8d0caf1,delivered,2018-08-12T20:53:01.000Z,2018-08-12T21:05:09.000Z,2018-08-15T14:00:00.000Z,2018-08-20T20:51:20.000Z,2018-08-29T00:00:00.000Z,2018_08_12
4ac6060d367c21fb5bf12144a6e8f8d2,f7692196c74198c07989ffaed4402a68,delivered,2018-08-12T19:23:50.000Z,2018-08-12T19:50:11.000Z,2018-08-15T06:47:00.000Z,2018-08-16T18:08:21.000Z,2018-08-28T00:00:00.000Z,2018_08_12
b703b9bca2536eca02a03e9f8f00fc47,9536cfdb0347ce81dc7d416149ee18be,delivered,2018-08-12T13:25:50.000Z,2018-08-14T04:50:28.000Z,2018-08-27T09:20:00.000Z,2018-08-28T13:49:01.000Z,2018-08-21T00:00:00.000Z,2018_08_12
0f6c56738e9a7a30c78b735a231d3f56,a0d8ff17d8ccc85262a9f8e059a03b76,delivered,2018-08-12T18:43:51.000Z,2018-08-12T18:55:15.000Z,2018-08-13T16:55:00.000Z,2018-08-16T21:22:49.000Z,2018-08-28T00:00:00.000Z,2018_08_12
f10e24c61a6f5a05a00ffc06c213b51e,7dde3f61b0d6ee9bdc693d33c0f421c2,delivered,2018-08-12T17:14:22.000Z,2018-08-12T17:25:12.000Z,2018-08-13T15:21:00.000Z,2018-08-14T17:51:26.000Z,2018-08-30T00:00:00.000Z,2018_08_12
2ff04f721a0ccf086506b4ba443d924a,4e2c2516338a95c5199f59106b5c79c3,delivered,2018-08-12T13:52:05.000Z,2018-08-14T04:24:29.000Z,2018-08-14T15:34:00.000Z,2018-08-17T22:20:57.000Z,2018-08-24T00:00:00.000Z,2018_08_12
671c02c9d32856447f168d9c4b0dc6c6,8cc6d7a83628e3166ef72617ec268777,delivered,2018-08-12T17:08:16.000Z,2018-08-12T17:24:30.000Z,2018-08-15T14:15:00.000Z,2018-08-20T10:20:53.000Z,2018-08-24T00:00:00.000Z,2018_08_12
4e771842803751a695d042079930820e,93ffdbb653b475a3d52e726359e91b05,delivered,2018-08-12T11:04:46.000Z,2018-08-12T11:24:18.000Z,2018-08-13T09:00:00.000Z,2018-08-22T17:38:42.000Z,2018-08-27T00:00:00.000Z,2018_08_12
376b9827d830477580eaf370e5218e91,0d047fff3a34f9f8e104c46d98f6d6ad,delivered,2018-08-12T19:19:45.000Z,2018-08-14T04:50:30.000Z,2018-08-14T13:47:00.000Z,2018-08-21T08:04:44.000Z,2018-08-23T00:00:00.000Z,2018_08_12
39cdf001e42cd975d9ea5e05990f2b61,3aa4ba9d60460d2f4ac8391346e8aab6,delivered,2018-08-12T23:12:13.000Z,2018-08-12T23:25:09.000Z,2018-08-13T15:24:00.000Z,2018-08-16T20:03:26.000Z,2018-08-17T00:00:00.000Z,2018_08_12
d7bfdc36e6fc0edc0abd8752151da345,696701728a4e18b1373bce09400fa4b5,delivered,2018-08-12T22:27:39.000Z,2018-08-14T04:30:24.000Z,2018-08-14T13:09:00.000Z,2018-08-15T19:47:40.000Z,2018-08-16T00:00:00.000Z,2018_08_12
b63262d64190314592077ae012a3e049,38b61dbac22e5857e3a383f837398b83,delivered,2018-08-12T14:46:40.000Z,2018-08-12T15:04:28.000Z,2018-08-13T15:06:00.000Z,2018-08-17T18:28:46.000Z,2018-08-27T00:00:00.000Z,2018_08_12
f8c6dd2b68a916d939d46cb98af8fc49,c823e5745129ad3efb2f5e1497c60b94,delivered,2018-08-12T12:39:13.000Z,2018-08-12T12:50:08.000Z,2018-08-13T15:06:00.000Z,2018-08-16T23:47:42.000Z,2018-09-13T00:00:00.000Z,2018_08_12
60c46973a2a9ad727ea9c45695b2b312,db75f12c87289bb25391baf511352864,delivered,2018-08-12T12:16:53.000Z,2018-08-12T12:30:16.000Z,2018-08-13T13:57:00.000Z,2018-08-17T15:57:30.000Z,2018-08-23T00:00:00.000Z,2018_08_12
291036f4304c5fb0dc3965044f4a4605,73fed2db5e8ab1b25ba0efebbe3d628d,delivered,2018-08-12T23:15:08.000Z,2018-08-12T23:25:18.000Z,2018-08-13T14:12:00.000Z,2018-08-20T17:38:40.000Z,2018-08-23T00:00:00.000Z,2018_08_12
4e9fe46327dd25b934cc82d238a874f8,6d44acbb5c4b483a53f88dc8584a4326,delivered,2018-08-12T18:23:39.000Z,2018-08-12T18:35:45.000Z,2018-08-17T08:40:00.000Z,2018-08-27T19:08:31.000Z,2018-08-27T00:00:00.000Z,2018_08_12
84869e6e6b633fa602128f93f70e2c12,3c3bc627f354b5eaecaa3ee60f387981,delivered,2018-08-12T20:44:16.000Z,2018-08-14T04:24:20.000Z,2018-08-15T12:32:00.000Z,2018-08-22T20:57:26.000Z,2018-09-06T00:00:00.000Z,2018_08_12
0a881bec2e3ae03ba47a8d04d5dfc450,88723f3ea83df04c26dd60644da2dd6b,delivered,2018-08-12T17:48:03.000Z,2018-08-12T18:04:31.000Z,2018-08-13T16:17:00.000Z,2018-08-15T18:06:51.000Z,2018-08-17T00:00:00.000Z,2018_08_12
53de6ea93af62b738a4db248255fd504,c2e3e1fe1f1aed8b4166ef1f6fcc5115,delivered,2018-08-12T22:30:37.000Z,2018-08-12T22:45:11.000Z,2018-08-13T12:18:00.000Z,2018-08-14T19:09:24.000Z,2018-08-17T00:00:00.000Z,2018_08_12
b6760dcf5d7d3ad17b9875eeee6f0752,0d1a3289962f9417f2a736a31c4e7f0c,delivered,2018-08-12T17:42:03.000Z,2018-08-12T17:55:12.000Z,2018-08-14T13:09:00.000Z,2018-08-17T20:27:40.000Z,2018-08-23T00:00:00.000Z,2018_08_12
815870a80fd96370919e0d7d0d117412,865ee1fb8ad1d078203ed382830c0e07,delivered,2018-08-12T12:22:40.000Z,2018-08-12T12:35:15.000Z,2018-08-15T12:12:00.000Z,2018-08-29T15:31:34.000Z,2018-08-30T00:00:00.000Z,2018_08_12
5e7a884a951fb8fa7f6596c513bd8fa3,51c563aea32ed3354549f2b6e7f37664,delivered,2018-08-12T20:48:10.000Z,2018-08-12T21:04:54.000Z,2018-08-13T13:31:00.000Z,2018-08-21T16:28:46.000Z,2018-09-03T00:00:00.000Z,2018_08_12
