order_id,customer_id,order_status,order_purchase_timestamp,order_approved_at,order_delivered_carrier_date,order_delivered_customer_date,order_estimated_delivery_date,snapshot_date
9855054362f487c4f25172bd0b8a44cf,3ad37c1be46629ea6935f7eb2362b380,delivered,2018-08-15T16:30:22.000Z,2018-08-15T17:04:00.000Z,2018-08-16T15:47:00.000Z,2018-08-22T17:32:28.000Z,2018-08-27T00:00:00.000Z,15_08_2018
64834bc188a370357ed08e9eabe5f92e,7f34b35a198ead098d27d13705f084e2,delivered,2018-08-15T22:13:43.000Z,2018-08-16T22:10:18.000Z,2018-08-22T09:08:00.000Z,2018-08-28T22:48:52.000Z,2018-09-14T00:00:00.000Z,15_08_2018
0c0c2969d3adf4fffa3753dcc37f135d,6dc864b913bbfbe227bd1da4d8080a2a,delivered,2018-08-15T20:02:06.000Z,2018-08-15T20:15:17.000Z,2018-08-16T15:07:00.000Z,2018-08-21T20:38:44.000Z,2018-08-29T00:00:00.000Z,15_08_2018
3f50f62b343cd447c0fd8af4196bdc33,d9e05844502fb02690842f8397e40b78,delivered,2018-08-15T21:17:49.000Z,2018-08-15T21:30:20.000Z,2018-08-16T15:13:00.000Z,2018-08-17T22:32:42.000Z,2018-08-21T00:00:00.000Z,15_08_2018
b41ff7b4b8380f9addca6c2db2b32594,4c0114d21b16e87469727d9e1f595074,delivered,2018-08-15T00:46:23.000Z,2018-08-15T00:55:23.000Z,2018-08-15T13:59:00.000Z,2018-08-20T17:51:28.000Z,2018-08-24T00:00:00.000Z,15_08_2018
129832042bc2898155b5ebf3b2058585,ea58700bf1ac6fda590a7f01242c2bfc,delivered,2018-08-15T19:50:32.000Z,2018-08-16T10:25:47.000Z,2018-08-17T17:25:00.000Z,2018-08-22T23:58:43.000Z,2018-08-29T00:00:00.000Z,15_08_2018
4b81239fe83a49acf69014a6819d45f7,45b660ceff4b3fb644ed71cec139a81b,delivered,2018-08-15T21:36:41.000Z,2018-08-15T21:50:42.000Z,2018-08-17T13:21:00.000Z,2018-08-29T01:24:47.000Z,2018-09-03T00:00:00.000Z,15_08_2018
420d28103f84eb7c76bede8dddea608c,759009dbd177474a0c58c632fe296ce6,delivered,2018-08-15T09:01:23.000Z,2018-08-15T09:15:11.000Z,2018-08-15T12:15:00.000Z,2018-08-16T18:47:28.000Z,2018-08-24T00:00:00.000Z,15_08_2018
21ee832eff624a82225c6e98cd2dcf7f,6bef8002464a89b85c089ff2a64bc5ae,delivered,2018-08-15T21:15:58.000Z,2018-08-15T21:44:05.000Z,2018-08-17T14:23:00.000Z,2018-08-24T22:23:41.000Z,2018-08-24T00:00:00.000Z,15_08_2018
45ce374cd293f6539ec1711a93f94aa7,05f337ebaa4407b43c68d15f5cf1949a,delivered,2018-08-15T19:52:54.000Z,2018-08-16T03:10:14.000Z,2018-08-16T14:06:00.000Z,2018-08-22T21:58:34.000Z,2018-09-12T00:00:00.000Z,15_08_2018
49e720bd050835a646e0d5e8a89a42ea,dbebe78b9864f488fad78e9edbfb8bda,delivered,2018-08-15T19:12:35.000Z,2018-08-15T19:23:52.000Z,2018-08-16T15:34:00.000Z,2018-08-18T17:51:30.000Z,2018-08-21T00:00:00.000Z,15_08_2018
8bfc859f734def7a579d24fe9b618da3,5b31d1ba9e2b08086f398b79477962d7,delivered,2018-08-15T20:51:44.000Z,2018-08-17T03:09:40.000Z,2018-08-17T13:17:00.000Z,2018-08-29T17:25:48.000Z,2018-08-31T00:00:00.000Z,15_08_2018
04158f13c5f4533ee32baa89521cf9ba,6c84ea1d496954fa658db8f7f20467d5,delivered,2018-08-15T09:48:31.000Z,2018-08-15T10:04:07.000Z,2018-08-16T14:23:00.000Z,2018-08-28T22:08:33.000Z,2018-09-06T00:00:00.000Z,15_08_2018
06afc1144eb9f51ef2aa90ec9223c7f4,e8be078dee76002545a9c5f10b7d7c4e,delivered,2018-08-15T17:13:07.000Z,2018-08-15T17:25:20.000Z,2018-08-16T14:44:00.000Z,2018-08-24T22:54:42.000Z,2018-09-20T00:00:00.000Z,15_08_2018
357d14cbf3b59ba6e6ddb0b402b3d171,9c3b462284d39b618ac5e63df6badf6d,delivered,2018-08-15T22:03:02.000Z,2018-08-15T22:45:07.000Z,2018-08-16T14:10:00.000Z,2018-08-24T21:39:50.000Z,2018-08-27T00:00:00.000Z,15_08_2018
5b686ee96f05cb6987dda1919ebf2bdf,d5d24a76ecdfa98e6eb0eded76fa1e8c,delivered,2018-08-15T15:26:10.000Z,2018-08-16T10:10:28.000Z,2018-08-17T14:48:00.000Z,2018-08-20T20:46:51.000Z,2018-08-22T00:00:00.000Z,15_08_2018
4155cce59e4c6284e17f9143818b2906,9d098d2af436a0531e84635ee48f79e0,delivered,2018-08-15T21:08:32.000Z,2018-08-15T21:23:53.000Z,2018-08-23T14:23:00.000Z,2018-08-28T02:32:46.000Z,2018-09-03T00:00:00.000Z,15_08_2018
c36fb6428310de9e2e53d78caee5baf1,386422af32d8e4d7a812f33933603e50,delivered,2018-08-15T15:51:11.000Z,2018-08-15T16:05:19.000Z,2018-08-16T15:41:00.000Z,2018-08-21T18:44:48.000Z,2018-08-28T00:00:00.000Z,15_08_2018
adb8036d8a5a923d533101a9a7397523,25f08a1d68e45786faabcd178d5e074b,delivered,2018-08-15T22:30:47.000Z,2018-08-17T03:10:16.000Z,2018-08-27T15:21:00.000Z,2018-08-28T18:32:11.000Z,2018-08-21T00:00:00.000Z,15_08_2018
f2307c6c281dc9e69cee79495692066a,e177da54a5ae8634501dfb4adde619b1,delivered,2018-08-15T19:42:43.000Z,2018-08-16T03:24:23.000Z,2018-08-16T11:23:00.000Z,2018-08-29T12:56:54.000Z,2018-09-13T00:00:00.000Z,15_08_2018
6c7162d7eb88ca4c936d4fd6ee5ed5ef,0543a4072ee6393ab6b0c48639a0499b,delivered,2018-08-15T06:36:37.000Z,2018-08-15T06:50:13.000Z,2018-08-15T15:32:00.000Z,2018-08-20T18:07:30.000Z,2018-08-24T00:00:00.000Z,15_08_2018
8c8ab4a6c61aaea6eccaed2958c36231,4b4466ba57ada97066e473b023c99db9,delivered,2018-08-15T09:27:37.000Z,2018-08-17T03:10:22.000Z,2018-08-18T08:54:00.000Z,2018-08-25T00:11:48.000Z,2018-08-30T00:00:00.000Z,15_08_2018
9380c59012c11f49c549ef8dffef1367,07838708499d3eb9da748cb10b8ddf0a,canceled,2018-08-15T11:05:44.000Z,,,,2018-09-21T00:00:00.000Z,15_08_2018
d58096e42e1aaf58b8521e8f8b4c20dc,39684b5ab3bb61a36e8b8df9ddbc8fdc,delivered,2018-08-15T00:00:48.000Z,2018-08-16T03:30:19.000Z,2018-08-16T08:12:00.000Z,2018-08-21T21:59:41.000Z,2018-09-10T00:00:00.000Z,15_08_2018
970a49012cfe41d81bfd4593b83ce4a5,9f58c2264554208dac8a1f913c9e723a,delivered,2018-08-15T15:12:34.000Z,2018-08-17T03:29:49.000Z,2018-08-22T13:58:00.000Z,2018-08-28T22:32:27.000Z,2018-09-04T00:00:00.000Z,15_08_2018
27d168c6a89ffc87604d2e42c7761956,01e466f5fd2937b4ea4a18eb9963f9ea,delivered,2018-08-15T19:33:36.000Z,2018-08-15T19:45:14.000Z,2018-08-17T11:23:00.000Z,2018-08-29T17:31:48.000Z,2018-08-30T00:00:00.000Z,15_08_2018
e9393662026f1973d6330fb33ef1ffa5,3aae38c3c1a19888da691519a2a42b18,delivered,2018-08-15T21:02:06.000Z,2018-08-15T21:25:09.000Z,2018-08-16T14:13:00.000Z,2018-08-21T14:23:05.000Z,2018-09-05T00:00:00.000Z,15_08_2018
5f0a629aeece4974825fe52949c74603,5c56a85aede459bf2e96c47af573ca04,delivered,2018-08-15T08:56:34.000Z,2018-08-15T09:10:15.000Z,2018-08-21T14:13:00.000Z,2018-08-29T22:18:25.000Z,2018-09-05T00:00:00.000Z,15_08_2018
ad0e8e3c3cda723a11733875aea3ec64,62a247c8f915012b83470a5e6f1c458b,delivered,2018-08-15T16:27:39.000Z,2018-08-15T16:44:08.000Z,2018-08-16T14:14:00.000Z,2018-08-17T22:04:10.000Z,2018-08-21T00:00:00.000Z,15_08_2018
2996234f359b5a3b99263b0f5b841d86,ba64b72b127eb80d74296a6ab97dfe16,delivered,2018-08-15T15:48:50.000Z,2018-08-15T16:05:12.000Z,2018-08-15T14:16:00.000Z,2018-08-22T22:34:27.000Z,2018-09-04T00:00:00.000Z,15_08_2018
c0c2ece9e641c6fc11690ceafbc7469e,f1582c8c1c74eb4d57a2485b3e6efc51,delivered,2018-08-15T11:37:45.000Z,2018-08-16T18:30:10.000Z,2018-08-23T14:33:00.000Z,2018-08-27T21:07:51.000Z,2018-08-30T00:00:00.000Z,15_08_2018
947e9c6bfd83a06953c420ef92d3da6e,2737211835d5ea370af15ee145f7840c,canceled,2018-08-15T15:13:32.000Z,,,,2018-08-28T00:00:00.000Z,15_08_2018
c974f0eb10f24498b3e0863a5195b748,4a65774f24ef2ba4478fd5b0ab3094f6,delivered,2018-08-15T12:12:46.000Z,2018-08-15T12:25:20.000Z,2018-08-15T14:44:00.000Z,2018-08-17T16:46:41.000Z,2018-08-22T00:00:00.000Z,15_08_2018
bc5c3e5c0d461286c2e22f90ce022e3f,826b3d6dca34095b2a33738fee76bf21,delivered,2018-08-15T15:08:44.000Z,2018-08-15T20:27:05.000Z,2018-08-16T13:43:00.000Z,2018-08-24T19:03:31.000Z,2018-08-30T00:00:00.000Z,15_08_2018
83c3246595fc5058c7c66a99cf9b74a9,a315fcfe43f26b429a9dc25518afa11c,delivered,2018-08-15T02:07:43.000Z,2018-08-15T16:45:14.000Z,2018-08-16T14:48:00.000Z,2018-08-20T18:08:36.000Z,2018-08-29T00:00:00.000Z,15_08_2018
1840aa65dea7f5258483a49b4558417d,278f8c368289d78d344c85126efdd50b,delivered,2018-08-15T08:44:39.000Z,2018-08-15T08:55:27.000Z,2018-08-16T11:17:00.000Z,2018-08-22T23:21:23.000Z,2018-09-05T00:00:00.000Z,15_08_2018
3ffa506c19577dce30f9dbce07028c38,42990531f1c563abd40f0a87b783c0c1,delivered,2018-08-15T21:09:19.000Z,2018-08-15T21:23:53.000Z,2018-08-17T14:36:00.000Z,2018-08-22T21:32:02.000Z,2018-08-31T00:00:00.000Z,15_08_2018
3282779fe3b8973d9139f7b8fd8e22c0,43cb5af4ad1ccd528624f1a67ed52d50,delivered,2018-08-15T17:34:38.000Z,2018-08-15T17:45:24.000Z,2018-08-17T16:47:00.000Z,2018-08-21T01:22:56.000Z,2018-08-23T00:00:00.000Z,15_08_2018
97d2d4d4e4016a1ea008f1e3a3e35ea5,8e5e71fc2fc91792644214a1cfd64bae,delivered,2018-08-15T20:57:36.000Z,2018-08-15T21:10:17.000Z,2018-08-16T14:13:00.000Z,2018-08-22T22:29:40.000Z,2018-09-03T00:00:00.000Z,15_08_2018
4cb385f74038f0750930b7baa3aaa3fc,5127ea0ef8fa50726cca353b637500e6,delivered,2018-08-15T18:21:14.000Z,2018-08-15T18:35:13.000Z,2018-08-16T14:07:00.000Z,2018-08-24T15:48:54.000Z,2018-09-06T00:00:00.000Z,15_08_2018
6e25453a992842c74dad4997432fa104,76590fc86395e0ce669099e608aa3432,delivered,2018-08-15T14:18:13.000Z,2018-08-15T14:50:21.000Z,2018-08-15T14:55:00.000Z,2018-08-20T18:08:32.000Z,2018-08-20T00:00:00.000Z,15_08_2018
121272279b30a29c68123cd40843a040,3adda932fc75b073dbd12c842cb18f6c,delivered,2018-08-15T17:48:29.000Z,2018-08-16T03:25:24.000Z,2018-08-16T08:43:00.000Z,2018-08-21T23:13:34.000Z,2018-09-03T00:00:00.000Z,15_08_2018
9226ec3974c021b8d68869985603b685,37ceee20c9b4157368fa41a2dfa0724b,delivered,2018-08-15T14:02:07.000Z,2018-08-17T15:50:21.000Z,2018-08-20T14:01:00.000Z,2018-08-21T11:33:33.000Z,2018-08-21T00:00:00.000Z,15_08_2018
1b3d029e5f088cea5910cccc6f480c33,410b9823d7bbf7f9758b5818cb434869,delivered,2018-08-15T17:00:42.000Z,2018-08-15T17:15:16.000Z,2018-08-17T14:35:00.000Z,2018-08-28T00:21:07.000Z,2018-09-17T00:00:00.000Z,15_08_2018
0754d33c0d259d6851e811948048324a,5860b5d39dc0369205b146cbd32b50b6,delivered,2018-08-15T17:15:46.000Z,2018-08-15T17:25:21.000Z,2018-08-16T14:11:00.000Z,2018-08-17T21:47:48.000Z,2018-08-24T00:00:00.000Z,15_08_2018
7aa4279cc25c67bbcf033b0ffa8e5587,e856f89269e191682aec4066d32ffa45,delivered,2018-08-15T06:58:44.000Z,2018-08-15T07:10:18.000Z,2018-08-21T15:37:00.000Z,2018-08-27T21:18:38.000Z,2018-08-24T00:00:00.000Z,15_08_2018
fd87f26f55d7a60ee6f71530b416e808,bbcbb915884e700eb649bbe31323cffb,delivered,2018-08-15T20:26:23.000Z,2018-08-15T20:43:54.000Z,2018-08-21T14:51:00.000Z,2018-08-22T22:18:58.000Z,2018-08-23T00:00:00.000Z,15_08_2018
c594dcc4076734aead2277d898c2d187,8300180aad835b088aefe6bcbac58263,delivered,2018-08-15T11:09:49.000Z,2018-08-15T11:24:18.000Z,2018-08-16T13:48:00.000Z,2018-08-20T17:38:43.000Z,2018-09-17T00:00:00.000Z,15_08_2018
16c52c86f53dc9687fa8523fb92b7121,6b423102b789a5e373332ddd86b8b6a8,delivered,2018-08-15T12:18:13.000Z,2018-08-16T03:25:23.000Z,2018-08-16T13:41:00.000Z,2018-08-17T18:26:45.000Z,2018-08-21T00:00:00.000Z,15_08_2018
fb3ea316744c112147796dcd168a18f3,19025a4f7898d7c5bf0613959e831719,delivered,2018-08-15T12:18:05.000Z,2018-08-15T12:30:17.000Z,2018-08-16T20:00:00.000Z,2018-08-18T03:03:36.000Z,2018-08-20T00:00:00.000Z,15_08_2018
076291ccc60bbd19ff77babbb78324d5,aa0e4a8833d9c0b97d5cfce946a98dd9,delivered,2018-08-15T17:51:11.000Z,2018-08-16T17:49:34.000Z,2018-08-17T12:30:00.000Z,2018-08-22T19:21:05.000Z,2018-08-28T00:00:00.000Z,15_08_2018
d3abd72db4f9d182cf59e936ef0baf5a,508012eabfc8058bd4b0eda92e05259b,delivered,2018-08-15T16:47:53.000Z,2018-08-15T16:55:31.000Z,2018-08-16T13:54:00.000Z,2018-08-21T21:33:57.000Z,2018-09-11T00:00:00.000Z,15_08_2018
4973b3b81af1585534c0b3de209acec6,723409d11424a9f6ea00c73150a9ee1c,delivered,2018-08-15T21:14:20.000Z,2018-08-15T21:44:12.000Z,2018-08-22T10:21:00.000Z,2018-08-29T11:21:38.000Z,2018-09-11T00:00:00.000Z,15_08_2018
243fd4d4dbddf371c229a0122ac3e661,53b5e9fac240fef6f8336dc01cb6003b,delivered,2018-08-15T14:02:31.000Z,2018-08-17T03:09:47.000Z,2018-08-17T14:43:00.000Z,2018-08-22T22:33:57.000Z,2018-08-27T00:00:00.000Z,15_08_2018
0ee8b349c2365dd4a396a819fc586cc1,811dbd93ca80a655bef10c57d80b0fc4,delivered,2018-08-15T12:13:18.000Z,2018-08-16T10:10:21.000Z,2018-08-17T13:22:00.000Z,2018-08-23T18:46:59.000Z,2018-09-17T00:00:00.000Z,15_08_2018
a5e8a66d24ac5735531a3eaad092730f,930ff20aabc38d303c1d09288f4b40e4,delivered,2018-08-15T21:39:41.000Z,2018-08-15T21:50:12.000Z,2018-08-21T14:58:00.000Z,2018-08-23T18:28:32.000Z,2018-08-29T00:00:00.000Z,15_08_2018
af2a45bf678ca2d4d9f78d43503d0cb7,ca355694bea3ffcc170fba3ad327b02f,delivered,2018-08-15T09:38:25.000Z,2018-08-17T03:10:28.000Z,2018-08-17T15:40:00.000Z,2018-08-22T21:13:45.000Z,2018-09-12T00:00:00.000Z,15_08_2018
d895b69ba0803a2ebe648a624d6e3f08,fbae1896042b44e1dc682cb66516a333,delivered,2018-08-15T12:24:12.000Z,2018-08-17T15:09:54.000Z,2018-08-21T15:00:00.000Z,2018-08-28T08:36:36.000Z,2018-09-25T00:00:00.000Z,15_08_2018
8dcd08ba1ddd245791d0fe2a764d7c0c,ef47133f0b956dbc78dfe1a7e1d0b9ea,delivered,2018-08-15T21:32:29.000Z,2018-08-17T04:09:53.000Z,2018-08-17T07:23:00.000Z,2018-08-24T21:40:59.000Z,2018-09-03T00:00:00.000Z,15_08_2018
2b412aeedb11e28a767792c75ae47a1f,e0e5bac5bb3c53c8d9a91aa09b3edbef,delivered,2018-08-15T22:37:30.000Z,2018-08-15T22:50:11.000Z,2018-08-16T14:52:00.000Z,2018-08-21T14:32:57.000Z,2018-08-28T00:00:00.000Z,15_08_2018
e6bb409c7115979984f53a191daf6a1d,61394198d41ef8190da8913ab2f9c168,delivered,2018-08-15T20:47:47.000Z,2018-08-15T20:55:28.000Z,2018-08-17T12:05:00.000Z,2018-08-23T23:32:56.000Z,2018-09-03T00:00:00.000Z,15_08_2018
632e726a9f9d86fa53c5337dde0b50a1,5c1317356b2236bcfec017edfdcd16ae,delivered,2018-08-15T22:22:22.000Z,2018-08-15T22:45:10.000Z,2018-08-17T14:47:00.000Z,2018-08-23T18:03:56.000Z,2018-08-31T00:00:00.000Z,15_08_2018
4f6e86f404fab64c41e4e17b71ae65e4,161dd77f282cd9103c317fb318674424,delivered,2018-08-15T21:22:53.000Z,2018-08-15T21:35:12.000Z,2018-08-16T14:47:00.000Z,2018-08-17T22:04:26.000Z,2018-09-14T00:00:00.000Z,15_08_2018
e300c76076c4b56031abe6f3ff54817f,58e41ee664edb6b56cfa39832d76d01e,delivered,2018-08-15T10:59:22.000Z,2018-08-15T11:24:10.000Z,2018-08-15T10:27:00.000Z,2018-08-21T17:21:15.000Z,2018-08-29T00:00:00.000Z,15_08_2018
75f3ecc1ee0d23f0fcc29fa7bff30a16,cf217935713d555a320eddf49ba10b46,delivered,2018-08-15T20:08:29.000Z,2018-08-17T03:29:55.000Z,2018-08-17T12:50:00.000Z,2018-08-20T18:57:40.000Z,2018-08-20T00:00:00.000Z,15_08_2018
9f5721ac1a943468f5591f34f17bba7e,dddeb6a18ada32b5e2e0cbc4829792c9,delivered,2018-08-15T11:29:21.000Z,2018-08-15T11:44:13.000Z,2018-08-15T13:17:00.000Z,2018-08-21T16:28:52.000Z,2018-08-24T00:00:00.000Z,15_08_2018
acd8b5c9553781a42c06690b5332a9f2,6a3bfd19e5e2a0695d4fbe8bd00e15e0,delivered,2018-08-15T22:41:15.000Z,2018-08-15T22:50:10.000Z,2018-08-20T09:30:00.000Z,2018-08-21T18:25:34.000Z,2018-08-24T00:00:00.000Z,15_08_2018
6bd0fc624485f2d1ad4aad6df1569d1a,59d13303f9c4b0eee305ba2b914901d8,delivered,2018-08-15T20:14:22.000Z,2018-08-17T03:29:53.000Z,2018-08-17T14:33:00.000Z,2018-08-24T20:03:03.000Z,2018-08-31T00:00:00.000Z,15_08_2018
5c2c3051e99aa85bb1f2260f51e59f49,cb2e11bace32ece844401b0cae25430b,delivered,2018-08-15T21:21:22.000Z,2018-08-15T21:35:21.000Z,2018-08-17T12:43:00.000Z,2018-08-27T11:19:50.000Z,2018-08-24T00:00:00.000Z,15_08_2018
93d7cfb112111edec49fd02555f48da3,f05b7d5565860304973f163aba0b8804,delivered,2018-08-15T17:00:58.000Z,2018-08-16T03:15:16.000Z,2018-08-17T16:04:00.000Z,2018-08-23T14:44:39.000Z,2018-08-29T00:00:00.000Z,15_08_2018
ed1907be7ed16822efc6ac9615b2deae,fe5e35510062d441ad985125ca9fecf7,delivered,2018-08-15T09:57:51.000Z,2018-08-16T03:25:18.000Z,2018-08-16T09:31:00.000Z,2018-08-20T19:32:40.000Z,2018-08-27T00:00:00.000Z,15_08_2018
3720597f28a3c3c4dd7e603f98e67af1,eaaca1ebfa468f531caa95e9ff3d9edc,delivered,2018-08-15T10:14:58.000Z,2018-08-15T10:25:17.000Z,2018-08-16T14:15:00.000Z,2018-08-17T13:18:43.000Z,2018-08-20T00:00:00.000Z,15_08_2018
b9a703ce4f5ae752f1ea894775d250ff,a905d4b3fe690160573204533764b6df,delivered,2018-08-15T14:43:32.000Z,2018-08-15T15:05:13.000Z,2018-08-17T15:15:00.000Z,2018-08-20T11:58:29.000Z,2018-08-20T00:00:00.000Z,15_08_2018
b178d37bc8cf0346e18f4ebeff294dcc,dcc0611ff5be7beee83892383507927a,delivered,2018-08-15T18:14:08.000Z,2018-08-17T03:31:14.000Z,2018-08-17T14:51:00.000Z,2018-08-28T18:51:21.000Z,2018-08-31T00:00:00.000Z,15_08_2018
d3f6f79bdfb5ff2eb96f8c4838b904df,30a92450d3bd26d8db8924d7d76bd5b1,delivered,2018-08-15T17:14:23.000Z,2018-08-16T17:09:15.000Z,2018-08-21T19:21:00.000Z,2018-08-23T01:38:35.000Z,2018-08-31T00:00:00.000Z,15_08_2018
4cfb3d5969df460524508647d27aca46,263d510e1304ff310e0bcc2c8476ac67,delivered,2018-08-15T00:57:27.000Z,2018-08-16T03:15:22.000Z,2018-08-16T13:27:00.000Z,2018-08-28T18:30:30.000Z,2018-08-28T00:00:00.000Z,15_08_2018
ae444b0ace16023ecd8b22ea477c263d,a3ed651de47cbc84bd9075c252dd6fa8,delivered,2018-08-15T16:03:52.000Z,2018-08-15T16:15:27.000Z,2018-08-16T11:49:00.000Z,2018-08-21T16:59:28.000Z,2018-08-30T00:00:00.000Z,15_08_2018
78275af5c9a2f3d0e1d19f9f4bc62922,99182e080513861b4cd1c88dae4c020c,delivered,2018-08-15T10:31:34.000Z,2018-08-15T10:55:21.000Z,2018-08-20T14:25:00.000Z,2018-08-21T14:38:56.000Z,2018-08-23T00:00:00.000Z,15_08_2018
6a145a0bfebe28cf3c33bffdcc1be30a,2e85f736535c5bc4afcdc3c86b429eae,delivered,2018-08-15T17:47:48.000Z,2018-08-15T17:55:48.000Z,2018-08-16T15:07:00.000Z,2018-08-20T21:48:55.000Z,2018-09-03T00:00:00.000Z,15_08_2018
3c7a85bec79aa0e49a8c03c3fbece2de,fe3c7865182a7b0d5485e438ec3e7b63,delivered,2018-08-15T20:49:33.000Z,2018-08-15T21:05:17.000Z,2018-08-16T14:46:00.000Z,2018-08-18T16:06:45.000Z,2018-08-20T00:00:00.000Z,15_08_2018
6782b1071318ad334c2a648586098947,47aa605e32d7c5f1b6c37de4a646f20a,delivered,2018-08-15T23:29:24.000Z,2018-08-17T22:10:21.000Z,2018-08-20T14:56:00.000Z,2018-08-21T19:22:03.000Z,2018-08-22T00:00:00.000Z,15_08_2018
1e2f320acd9cf7428412fb4ba5c537fe,03e4aa263433c6741b5d22e28272c520,delivered,2018-08-15T08:48:29.000Z,2018-08-15T09:05:07.000Z,2018-08-23T13:24:00.000Z,2018-08-29T17:30:16.000Z,2018-08-27T00:00:00.000Z,15_08_2018
a835505a16cefe4fe794476d79374f81,faa0c4abeacc34fadc4bdcf878b42b63,delivered,2018-08-15T14:40:37.000Z,2018-08-15T15:05:13.000Z,2018-08-17T12:44:00.000Z,2018-08-20T19:22:26.000Z,2018-08-21T00:00:00.000Z,15_08_2018
d4bc0ad85ade29acdd0a51c7ce9367b1,2f77504d95a71ffa709d5a8939e384e2,delivered,2018-08-15T18:44:40.000Z,2018-08-15T18:55:17.000Z,2018-08-17T06:15:00.000Z,2018-08-22T00:42:03.000Z,2018-08-28T00:00:00.000Z,15_08_2018
1c0a7a0c422473ac09e61c7def41bb0d,99abe0be8bcd2a43a3a374b4579d8212,delivered,2018-08-15T10:36:43.000Z,2018-08-15T10:50:16.000Z,2018-08-15T14:22:00.000Z,2018-08-21T18:28:27.000Z,2018-08-29T00:00:00.000Z,15_08_2018
9d9b7e26c7daa6c169b9cd3859930770,9cf2f5dd2bc0b6bd1b8d4f8b74335868,delivered,2018-08-15T08:53:27.000Z,2018-08-16T08:45:15.000Z,2018-08-20T09:52:00.000Z,2018-08-24T17:31:04.000Z,2018-08-30T00:00:00.000Z,15_08_2018
9b9d21b1dc1050dc96db48854b488091,5373b64971a41341083baa1754460712,delivered,2018-08-15T19:33:04.000Z,2018-08-15T19:45:16.000Z,2018-08-20T13:23:00.000Z,2018-08-29T12:58:57.000Z,2018-08-29T00:00:00.000Z,15_08_2018
e4ace38893f7d4e22939778dd93b3dee,9dbda8f2ce19f108d4c32d085ec6ffa3,delivered,2018-08-15T16:12:27.000Z,2018-08-17T03:15:27.000Z,2018-08-17T13:58:00.000Z,2018-08-23T01:21:34.000Z,2018-08-29T00:00:00.000Z,15_08_2018
f847f9f6a559fe5fedf35c9542c29dbe,96563a6cccd0e1af7719f9a67929f13c,delivered,2018-08-15T21:40:08.000Z,2018-08-15T21:50:16.000Z,2018-08-16T13:41:00.000Z,2018-08-23T15:37:51.000Z,2018-09-21T00:00:00.000Z,15_08_2018
1a109ace7bc73c15e6ef45d6d4423dbd,7be6507bba601fe8224a25ec56e81844,delivered,2018-08-15T11:44:35.000Z,2018-08-15T11:55:20.000Z,2018-08-20T12:28:00.000Z,2018-08-29T13:10:54.000Z,2018-09-06T00:00:00.000Z,15_08_2018
602fd0f12980f5a92b67acc19187fb87,6156cc24d1fb47ea3976b55ed489de3c,delivered,2018-08-15T06:12:03.000Z,2018-08-15T06:24:28.000Z,2018-08-17T10:50:00.000Z,2018-08-22T18:26:53.000Z,2018-09-20T00:00:00.000Z,15_08_2018
de4200e70f1ba056e8e0ce5a6b057f76,59b6f5938b3ea3ffc6326ec7fc60f7b7,delivered,2018-08-15T14:03:08.000Z,2018-08-17T03:30:35.000Z,2018-08-20T11:26:00.000Z,2018-08-28T13:48:52.000Z,2018-09-25T00:00:00.000Z,15_08_2018
1a561b1e30fd914ae3cf3f82bf41d02b,81a3e7cd170e78eb9298e035f5afbcba,delivered,2018-08-15T15:39:22.000Z,2018-08-15T15:50:33.000Z,2018-08-16T14:42:00.000Z,2018-08-20T21:58:39.000Z,2018-08-29T00:00:00.000Z,15_08_2018
be5855d64fcac12e1e9c036a4932ff7d,84c8a0fdb488208ca422163ed34ae1dd,delivered,2018-08-15T11:05:02.000Z,2018-08-15T11:15:23.000Z,2018-08-17T06:26:00.000Z,2018-08-20T21:57:39.000Z,2018-09-03T00:00:00.000Z,15_08_2018
06bd4e8d281ae8780eadabe2f8886368,4dd3a0f00eda9c4ec8d3b86cf231823c,delivered,2018-08-15T11:24:01.000Z,2018-08-15T11:35:25.000Z,2018-08-16T14:25:00.000Z,2018-08-21T20:20:59.000Z,2018-08-31T00:00:00.000Z,15_08_2018
2b4509bf2ed25bb2181a5279f8a4123a,755c9654771837295c90ed693c1dfc19,delivered,2018-08-15T21:28:03.000Z,2018-08-15T21:44:05.000Z,2018-08-16T14:18:00.000Z,2018-08-24T17:48:44.000Z,2018-09-19T00:00:00.000Z,15_08_2018
27a9505321037616d2e112a11760adcd,d4326e5beb8116efdcdc71e8299a7476,delivered,2018-08-15T09:22:37.000Z,2018-08-15T09:30:17.000Z,2018-08-16T16:05:00.000Z,2018-08-17T14:44:56.000Z,2018-08-20T00:00:00.000Z,15_08_2018
c7c1820a74542b67b30b740697e55d01,ca15767a3c28ef04c7f7b6bb3cace110,delivered,2018-08-15T23:39:52.000Z,2018-08-17T03:15:23.000Z,2018-08-17T12:08:00.000Z,2018-08-24T19:04:44.000Z,2018-08-28T00:00:00.000Z,15_08_2018
dcb668b21e7c36224624fc4b4ddbf0fd,6c9a9031dd1214977dfef7ef3338988e,delivered,2018-08-15T15:12:00.000Z,2018-08-15T20:25:32.000Z,2018-08-16T16:24:00.000Z,2018-08-20T18:22:41.000Z,2018-08-28T00:00:00.000Z,15_08_2018
f70dff3502fa3fe88532b170cf4f126a,03c75f8dfffde486ab30360f6e689a4f,delivered,2018-08-15T17:49:43.000Z,2018-08-15T18:05:20.000Z,2018-08-16T14:05:00.000Z,2018-08-20T16:58:40.000Z,2018-08-23T00:00:00.000Z,15_08_2018
aff7272552bd176268229d8c5883fce8,c900f77722739bee8cb2ca5053cfb49f,delivered,2018-08-15T18:12:21.000Z,2018-08-16T03:24:19.000Z,2018-08-16T11:53:00.000Z,2018-08-21T15:18:57.000Z,2018-08-28T00:00:00.000Z,15_08_2018
67d7d2f069a2b83e36ab0304e03132e6,0b9da151bab9f3b6d4add45b3bd7de80,delivered,2018-08-15T15:11:49.000Z,2018-08-15T20:25:53.000Z,2018-08-16T12:23:00.000Z,2018-08-24T20:35:48.000Z,2018-09-04T00:00:00.000Z,15_08_2018
777e12368d3bb5d1b085cdbc60c6f910,28deb679d1930565c09da8da090cbcbd,delivered,2018-08-15T11:56:10.000Z,2018-08-15T12:10:24.000Z,2018-08-20T14:39:00.000Z,2018-08-24T02:23:45.000Z,2018-08-30T00:00:00.000Z,15_08_2018
d2a447028b1fbbc9200739e3fee4e22c,b0dbe26f4e6b3d6dfe331c70f7e2073e,delivered,2018-08-15T14:57:55.000Z,2018-08-15T20:29:49.000Z,2018-08-17T15:21:00.000Z,2018-08-21T21:14:58.000Z,2018-08-24T00:00:00.000Z,15_08_2018
63d44f6f75e4ac6761afb732931751c0,41d14dee386b72886a52f91141c811ed,delivered,2018-08-15T14:56:03.000Z,2018-08-15T20:20:25.000Z,2018-08-17T14:02:00.000Z,2018-08-23T17:53:42.000Z,2018-09-06T00:00:00.000Z,15_08_2018
b2eda1812564491a3461f7e08104ed8f,ebaefb74bad3930316a9134fb13bd8df,delivered,2018-08-15T16:08:01.000Z,2018-08-15T16:24:08.000Z,2018-08-17T12:00:00.000Z,2018-08-23T23:08:36.000Z,2018-09-17T00:00:00.000Z,15_08_2018
739706624ef992fc93bb60f5df5e1278,80d1b0a1bf64b3976917a886a2dd62dd,delivered,2018-08-15T22:27:30.000Z,2018-08-15T22:45:13.000Z,2018-08-17T10:55:00.000Z,2018-08-23T16:17:13.000Z,2018-08-29T00:00:00.000Z,15_08_2018
afaee45f0a9f01571cc18395ecc4ad0e,48956a092e7d44d33215e84d2b71a53c,delivered,2018-08-15T16:54:26.000Z,2018-08-15T17:10:16.000Z,2018-08-16T12:52:00.000Z,2018-08-20T15:55:44.000Z,2018-08-24T00:00:00.000Z,15_08_2018
ad35e12cac3d10509e40885edfbc33d9,d480066851e79ce3e97c6a9e7e1473c3,delivered,2018-08-15T20:21:46.000Z,2018-08-15T20:35:11.000Z,2018-08-16T16:05:00.000Z,2018-08-18T16:08:38.000Z,2018-08-20T00:00:00.000Z,15_08_2018
f4a2e4ba8b38d477a33e67c8a7840352,e4cd5156b85981c993aabe5a612b0cae,delivered,2018-08-15T22:12:23.000Z,2018-08-15T22:44:08.000Z,2018-08-16T13:53:00.000Z,2018-08-17T21:31:55.000Z,2018-08-20T00:00:00.000Z,15_08_2018
cf5f5f819b2d893f6b4545d61025dcf4,610acd3e17a6ba412c219bfb1d2b9f1a,delivered,2018-08-15T16:43:47.000Z,2018-08-15T16:55:29.000Z,2018-08-16T13:29:00.000Z,2018-08-21T22:41:41.000Z,2018-09-26T00:00:00.000Z,15_08_2018
ea25a7c224e8ab2c05c2425da85c033d,c7b61613579c9bdffb328c60b8b6c148,delivered,2018-08-15T22:59:53.000Z,2018-08-15T23:10:13.000Z,2018-08-16T15:12:00.000Z,2018-08-21T12:57:45.000Z,2018-09-06T00:00:00.000Z,15_08_2018
b7d794a0d512566c47d3ffb585bb3805,970922c6488462df7d8b02576a219263,delivered,2018-08-15T12:20:55.000Z,2018-08-15T12:35:25.000Z,2018-08-15T12:34:00.000Z,2018-08-18T01:44:44.000Z,2018-08-28T00:00:00.000Z,15_08_2018
3a4e65de6ffd941f6a4ee824d472aabb,ba7df02cddb36d302d9a87ed492fdf07,delivered,2018-08-15T18:01:23.000Z,2018-08-15T18:40:07.000Z,2018-08-16T15:37:00.000Z,2018-08-17T19:18:48.000Z,2018-09-03T00:00:00.000Z,15_08_2018
bea1ab5c0fe7913f170dd7e82e53dac4,8463eb1c27b6661566237aec63c3ede9,delivered,2018-08-15T15:18:12.000Z,2018-08-16T03:24:07.000Z,2018-08-16T14:46:00.000Z,2018-08-17T22:51:33.000Z,2018-08-27T00:00:00.000Z,15_08_2018
47746dec59be8d0a3591eb2e7ab72da5,40cd839bd652dd62f7943defc8288c0e,delivered,2018-08-15T00:00:59.000Z,2018-08-15T00:15:15.000Z,2018-08-15T15:24:00.000Z,2018-08-21T01:48:47.000Z,2018-08-24T00:00:00.000Z,15_08_2018
298f6fa064cd036a4788f7f177170261,92c88b64cd65b23c50a7df5570180112,delivered,2018-08-15T23:20:59.000Z,2018-08-15T23:35:12.000Z,2018-08-17T15:30:00.000Z,2018-08-23T18:44:34.000Z,2018-08-28T00:00:00.000Z,15_08_2018
b39ecb6c0af8f006d1bf639d962fb92e,69c4e90b55da8af1ad71d4bb219e1268,delivered,2018-08-15T08:59:43.000Z,2018-08-15T09:10:12.000Z,2018-08-16T12:26:00.000Z,2018-08-20T19:13:00.000Z,2018-08-24T00:00:00.000Z,15_08_2018
dc9f4cd231c11babfef316d35486eff4,d0201d40635bacac931a23211566d601,delivered,2018-08-15T19:32:10.000Z,2018-08-17T04:09:55.000Z,2018-08-17T15:32:00.000Z,2018-08-28T17:26:42.000Z,2018-09-05T00:00:00.000Z,15_08_2018
a5bf7b210e4e59a0a786e88355cc8657,fde636315666a473d113ddb2ea5e27f0,delivered,2018-08-15T19:13:57.000Z,2018-08-15T19:25:15.000Z,2018-08-16T14:51:00.000Z,2018-08-17T20:22:31.000Z,2018-08-24T00:00:00.000Z,15_08_2018
d00d6712bb15e2f5c4c1766b9f60f43a,a349e0abe64d842144b9ef7cd244d3cb,delivered,2018-08-15T05:45:14.000Z,2018-08-15T05:55:08.000Z,2018-08-15T13:39:00.000Z,2018-08-25T16:31:57.000Z,2018-09-25T00:00:00.000Z,15_08_2018
59566b390f9e3f2182830b3a0b1022d0,05b9a99bdd307548ae19300848825919,delivered,2018-08-15T16:55:27.000Z,2018-08-15T17:10:23.000Z,2018-08-16T16:01:00.000Z,2018-08-24T00:49:45.000Z,2018-09-11T00:00:00.000Z,15_08_2018
c52af89e91822e0fe67fab5eca3f2c5f,80d2dfca15a87fe59c2fafc53f1a7ffb,delivered,2018-08-15T13:10:04.000Z,2018-08-15T14:05:23.000Z,2018-08-16T12:33:00.000Z,2018-08-20T19:29:41.000Z,2018-08-28T00:00:00.000Z,15_08_2018
18ddc3c409bd61beb6c3c455954278c0,19f1753fcb718f9b763a0763e79ee15e,delivered,2018-08-15T11:12:49.000Z,2018-08-15T11:25:19.000Z,2018-08-15T13:45:00.000Z,2018-08-20T17:34:41.000Z,2018-09-13T00:00:00.000Z,15_08_2018
9c27c0e9a3ff1c62ceecc6b160ae7c63,dbd6a2400132cc0889c206bb2cbfbc20,delivered,2018-08-15T17:29:23.000Z,2018-08-16T03:15:14.000Z,2018-08-17T12:49:00.000Z,2018-08-23T17:14:42.000Z,2018-09-04T00:00:00.000Z,15_08_2018
797c6ff206949b463f4b498b5888e2ef,b3153b99b2c54af18a5ae22ae0e68f7a,delivered,2018-08-15T14:11:19.000Z,2018-08-15T14:45:15.000Z,2018-08-16T14:23:00.000Z,2018-08-24T13:52:30.000Z,2018-09-04T00:00:00.000Z,15_08_2018
7485a2fd25ea2d65d745b44dce5872c7,27f41158cac3ac237d2936fcb92f5a50,delivered,2018-08-15T16:38:44.000Z,2018-08-15T17:20:04.000Z,2018-08-17T12:41:00.000Z,2018-08-29T21:03:29.000Z,2018-09-05T00:00:00.000Z,15_08_2018
fbc58b983315a34a3c81dd19b003dffa,b74bbd3e8808190560fad0a7077e92ae,delivered,2018-08-15T10:14:20.000Z,2018-08-17T03:31:06.000Z,2018-08-17T13:26:00.000Z,2018-08-30T18:56:27.000Z,2018-09-12T00:00:00.000Z,15_08_2018
fab4815807a6e4f6e958e70eda5608bd,aaa1d7dcc0c7239e0f161090d2aa2423,delivered,2018-08-15T17:17:41.000Z,2018-08-16T03:30:17.000Z,2018-08-17T13:57:00.000Z,2018-08-20T18:34:50.000Z,2018-08-24T00:00:00.000Z,15_08_2018
a3a0548064c8724d07f841bbb1e256f1,8c5edb6c6cdadd64a3d021e4c00b963e,delivered,2018-08-15T17:10:53.000Z,2018-08-15T17:24:07.000Z,2018-08-16T08:21:00.000Z,2018-08-28T19:50:42.000Z,2018-08-31T00:00:00.000Z,15_08_2018
08db644c231a8d55a618af8c9f1280f0,f97d225a3b4ab3cfebf9457ec69cf76a,delivered,2018-08-15T16:55:14.000Z,2018-08-15T17:10:23.000Z,2018-08-16T14:44:00.000Z,2018-08-22T18:52:03.000Z,2018-08-28T00:00:00.000Z,15_08_2018
0d898acc80d3c7a150bd832ac4050c81,892ebc9490105dedf7e4b7e8283c67cc,delivered,2018-08-15T09:08:34.000Z,2018-08-16T03:26:01.000Z,2018-08-23T11:44:00.000Z,2018-08-27T15:22:18.000Z,2018-09-06T00:00:00.000Z,15_08_2018
f975710202a96794f2b466c4dbea49e0,c2c4769b2b0b100fd323054e505d1836,delivered,2018-08-15T23:01:42.000Z,2018-08-15T23:15:16.000Z,2018-08-17T13:52:00.000Z,2018-08-27T20:22:03.000Z,2018-09-11T00:00:00.000Z,15_08_2018
a5543e119a631f1be4191fbc2c5e1e07,d9d0060f76a6e87bf45958860a1a4d4e,delivered,2018-08-15T20:21:01.000Z,2018-08-16T03:30:22.000Z,2018-08-16T11:47:00.000Z,2018-08-23T18:43:31.000Z,2018-09-10T00:00:00.000Z,15_08_2018
68f238efe64d771f8529c4689219e854,b2946e552dff75e17fed826a39dfbd90,delivered,2018-08-15T12:24:08.000Z,2018-08-16T19:29:36.000Z,2018-08-22T14:04:00.000Z,2018-08-23T19:45:50.000Z,2018-08-28T00:00:00.000Z,15_08_2018
ec082d3ffd103096f9274b6247217ff9,73588b1cddca4f8bd453b8588f400d90,delivered,2018-08-15T18:26:53.000Z,2018-08-16T03:24:09.000Z,2018-08-16T11:04:00.000Z,2018-08-18T02:44:37.000Z,2018-08-30T00:00:00.000Z,15_08_2018
e96a7d9b6d30b44304ff2cce1c8d83ff,973939a3eb280816353408ffc4b5d062,delivered,2018-08-15T10:55:48.000Z,2018-08-16T03:15:16.000Z,2018-08-17T12:57:00.000Z,2018-08-24T22:24:30.000Z,2018-08-30T00:00:00.000Z,15_08_2018
7f3189b85f3e348f9d772df47fe06bf7,18901d6dc991f0a3f8876d75185dbb45,delivered,2018-08-15T21:17:21.000Z,2018-08-15T21:25:16.000Z,2018-08-16T15:24:00.000Z,2018-08-23T18:41:16.000Z,2018-09-18T00:00:00.000Z,15_08_2018
2e06e0410e2829e55051f03c2e60822d,4e0716459cc23e3c7e7cca611bc8b8d7,delivered,2018-08-15T20:48:09.000Z,2018-08-16T20:49:42.000Z,2018-08-21T14:58:00.000Z,2018-08-30T17:41:41.000Z,2018-09-03T00:00:00.000Z,15_08_2018
b77f53899c1c8e0a22ad60800bc4f214,ef4ed9fe6ce3675eabba1c07e47df10c,delivered,2018-08-15T03:24:22.000Z,2018-08-15T03:44:01.000Z,2018-08-15T14:54:00.000Z,2018-09-05T22:03:51.000Z,2018-08-24T00:00:00.000Z,15_08_2018
f92e273af7fd8aa4c0b40388cf80be75,04fe08050dc149cf00e43d448c468128,delivered,2018-08-15T19:46:26.000Z,2018-08-15T19:55:15.000Z,2018-08-16T14:09:00.000Z,2018-08-27T23:23:44.000Z,2018-09-11T00:00:00.000Z,15_08_2018
0b5d86d1d6e2e765f19774b9572b1987,b8b10ecc0664c406ae20e83dcceb0d80,delivered,2018-08-15T10:57:35.000Z,2018-08-15T11:10:19.000Z,2018-08-16T13:11:00.000Z,2018-08-25T17:03:32.000Z,2018-08-28T00:00:00.000Z,15_08_2018
cdf713b645faa55bba5c66e66aeef41e,d7c36cf9a2c23a9d7e90328f7d30456b,delivered,2018-08-15T22:05:09.000Z,2018-08-16T03:25:12.000Z,2018-08-28T17:12:00.000Z,2018-08-29T14:44:46.000Z,2018-08-27T00:00:00.000Z,15_08_2018
0b3d6a3ba1e60a466b54775dcff1bf7d,44dbbaf8b67c55bf72d394075577e557,delivered,2018-08-15T19:30:07.000Z,2018-08-16T04:35:16.000Z,2018-08-17T13:44:00.000Z,2018-08-27T16:55:37.000Z,2018-08-31T00:00:00.000Z,15_08_2018
311eb3425fa63439e2f9bba0d60d8768,8d0c69a20b7069397a53a0c2f6ea4c0c,delivered,2018-08-15T10:17:16.000Z,2018-08-15T10:30:23.000Z,2018-08-16T12:40:00.000Z,2018-08-17T21:17:35.000Z,2018-08-22T00:00:00.000Z,15_08_2018
3edfecc4a611653ebb70ad242db1aa56,73013cc9fa18f10267f2221fff4a936d,delivered,2018-08-15T19:06:31.000Z,2018-08-15T19:23:52.000Z,2018-08-21T09:37:00.000Z,2018-08-28T15:06:53.000Z,2018-09-18T00:00:00.000Z,15_08_2018
2ad2d3393253922f6f46941e23089bf0,fb61c3e862c5b609f053cc4717391c58,delivered,2018-08-15T14:04:01.000Z,2018-08-15T14:35:20.000Z,2018-08-17T12:04:00.000Z,2018-08-28T03:33:26.000Z,2018-09-04T00:00:00.000Z,15_08_2018
c5d37fd7edf7a0833228d03ce7eb7531,9af11477b7e25648e3f0b63cacb6046b,delivered,2018-08-15T11:47:41.000Z,2018-08-15T12:05:14.000Z,2018-08-16T12:52:00.000Z,2018-08-21T14:46:35.000Z,2018-08-31T00:00:00.000Z,15_08_2018
e2ea1c8dd335be5a191a54a8de85770e,f4069d40ff2d2afe0053efe63932deda,delivered,2018-08-15T19:04:44.000Z,2018-08-15T19:15:20.000Z,2018-08-16T14:25:00.000Z,2018-08-20T20:53:05.000Z,2018-08-22T00:00:00.000Z,15_08_2018
ed97636c23f94768f347b01d4ba20e64,631197db2a25d8b37847b8c7e8c7a999,delivered,2018-08-15T21:29:08.000Z,2018-08-15T21:44:15.000Z,2018-08-16T14:09:00.000Z,2018-08-20T20:45:50.000Z,2018-08-30T00:00:00.000Z,15_08_2018
77afc8cdc7d93975016850b0b1b02c90,6478510b2c0573351a3bf335b4635c34,canceled,2018-08-15T22:39:11.000Z,2018-08-15T22:50:16.000Z,,,2018-08-20T00:00:00.000Z,15_08_2018
31b0ad9590cbb7cce97820802ad69c6b,9d16c341ca16f398e709ae9ce1203049,delivered,2018-08-15T17:35:07.000Z,2018-08-15T17:45:26.000Z,2018-08-24T12:47:00.000Z,2018-08-27T19:38:55.000Z,2018-08-31T00:00:00.000Z,15_08_2018
a8cdf6bc7ab2e5f5ec6d5dc977c3c295,3e4b810c1dad987baf9ef956ba59eb43,delivered,2018-08-15T19:02:35.000Z,2018-08-15T19:15:16.000Z,2018-08-16T07:37:00.000Z,2018-08-21T12:06:26.000Z,2018-09-03T00:00:00.000Z,15_08_2018
7229fca9b269915fc63b44434d20828a,a023e60d1438c4241673afd111cd1cf3,delivered,2018-08-15T16:12:57.000Z,2018-08-15T16:25:27.000Z,2018-08-16T14:10:00.000Z,2018-08-20T20:33:34.000Z,2018-08-30T00:00:00.000Z,15_08_2018
d6c43cc94c51d9176828e42155f97127,4bf502b7bd3cf867e9421534ebd7f446,delivered,2018-08-15T18:26:46.000Z,2018-08-16T10:10:26.000Z,2018-08-16T14:02:00.000Z,2018-08-24T15:36:38.000Z,2018-08-29T00:00:00.000Z,15_08_2018
ad2e046d1a59ee49ddf9ae258360b81b,412ccfcbac9738eaa7df3fe0210d9e3b,delivered,2018-08-15T07:28:01.000Z,2018-08-15T07:44:06.000Z,2018-08-16T12:21:00.000Z,2018-08-23T19:08:35.000Z,2018-08-22T00:00:00.000Z,15_08_2018
993f3fc78c8cdf418bd5b0f7cfffcaa9,2662e20a611239f65776afe378a96edd,delivered,2018-08-15T11:44:16.000Z,2018-08-15T12:04:15.000Z,2018-08-15T16:35:00.000Z,2018-08-21T20:46:49.000Z,2018-08-27T00:00:00.000Z,15_08_2018
b65df09993493fd5f15bef98f1a348fc,684313a21b6b8e984f57771f36d7e03b,delivered,2018-08-15T11:02:31.000Z,2018-08-15T11:15:20.000Z,2018-08-16T13:11:00.000Z,2018-08-20T21:56:29.000Z,2018-09-18T00:00:00.000Z,15_08_2018
25b0aadbfdbdc6fcc91820762f6aaf35,0d93e3fecae11d6f2348610c93841603,delivered,2018-08-15T22:57:05.000Z,2018-08-16T22:50:22.000Z,2018-08-17T15:24:00.000Z,2018-08-24T00:03:38.000Z,2018-09-05T00:00:00.000Z,15_08_2018
2df1ebb1aa609632517182df5fa53a6c,ccd6e76019d2015085616b277a461ba3,delivered,2018-08-15T06:13:58.000Z,2018-08-15T06:25:16.000Z,2018-08-15T15:12:00.000Z,2018-08-16T20:17:54.000Z,2018-08-21T00:00:00.000Z,15_08_2018
de829fd7475239b4c3110ca7660f971e,14cb060b0482a83fa6609d36909bb3eb,delivered,2018-08-15T22:13:57.000Z,2018-08-15T23:04:17.000Z,2018-08-16T13:00:00.000Z,2018-08-20T21:47:42.000Z,2018-08-28T00:00:00.000Z,15_08_2018
5f7811f83d3d9d0aa1f4c9bcd1cc1a12,f37fb2c140fb551fdb28892bf23f6146,delivered,2018-08-15T19:48:02.000Z,2018-08-15T20:04:02.000Z,2018-08-16T15:34:00.000Z,2018-08-18T17:18:43.000Z,2018-08-29T00:00:00.000Z,15_08_2018
3d2f2b0dbc402e2cffef16352788e9e1,e9fcf423a3dc8ffe1035de8904626e86,delivered,2018-08-15T14:02:53.000Z,2018-08-16T03:30:19.000Z,2018-08-16T20:54:00.000Z,2018-08-17T16:41:25.000Z,2018-08-23T00:00:00.000Z,15_08_2018
9f4dc9b14ebdb349537c57ed4e469c28,86042c8472794b41d03cfe051f3bd9de,delivered,2018-08-15T15:39:02.000Z,2018-08-15T15:50:22.000Z,2018-08-16T11:48:00.000Z,2018-08-21T13:52:44.000Z,2018-08-31T00:00:00.000Z,15_08_2018
8333c49adbe3515e032c472789e8201e,5de2b0c34e38970be54f630328573ffd,delivered,2018-08-15T19:12:20.000Z,2018-08-15T19:25:12.000Z,2018-08-20T12:28:00.000Z,2018-08-24T17:04:23.000Z,2018-09-12T00:00:00.000Z,15_08_2018
d289934bddf878e1cac62c95c8ee5402,4498cfb1d873a0d5a66735f01cbe8246,delivered,2018-08-15T17:53:14.000Z,2018-08-15T18:10:15.000Z,2018-08-16T12:50:00.000Z,2018-08-22T22:41:16.000Z,2018-08-30T00:00:00.000Z,15_08_2018
a0b5c0a93889a160e7f4638322b9959c,6104e28eeabc55665817b8897914fbc9,delivered,2018-08-15T12:25:40.000Z,2018-08-15T12:44:15.000Z,2018-08-15T14:22:00.000Z,2018-08-21T10:48:41.000Z,2018-09-03T00:00:00.000Z,15_08_2018
b9dd50946ccb67dc7d9720f5c1cf41f9,5e93b0062ac34436d51db9baf96e111a,delivered,2018-08-15T19:05:50.000Z,2018-08-15T19:15:18.000Z,2018-08-16T13:50:00.000Z,2018-08-22T23:41:43.000Z,2018-09-04T00:00:00.000Z,15_08_2018
b1c978cd633caac1ce86e36b61e8aeb3,a0b4c2bc4ad1865c4943b8bdbee449af,shipped,2018-08-15T18:48:07.000Z,2018-08-15T18:55:15.000Z,2018-08-16T12:16:00.000Z,,2018-09-06T00:00:00.000Z,15_08_2018
69e9045bc98231a8e6e85723d88a9833,4622dd3775c03fcbaa3d4050ab4b0343,delivered,2018-08-15T00:26:03.000Z,2018-08-15T00:44:10.000Z,2018-08-15T11:55:00.000Z,2018-08-27T21:22:58.000Z,2018-09-17T00:00:00.000Z,15_08_2018
1d6efdc47fc22d96340ff4b18566ef54,30f61268324b4137284bc56fee3f63cc,delivered,2018-08-15T08:52:48.000Z,2018-08-15T09:05:07.000Z,2018-08-21T13:47:00.000Z,2018-08-28T14:35:46.000Z,2018-09-18T00:00:00.000Z,15_08_2018
c6f11a51ee3384a11e50cc55dc685c24,52f41b570c31d5f465eea3427b30334e,delivered,2018-08-15T14:02:44.000Z,2018-08-15T14:24:18.000Z,2018-08-15T13:56:00.000Z,2018-08-21T10:15:44.000Z,2018-08-28T00:00:00.000Z,15_08_2018
94fca82966c05ba707f4e7dc0c50aa3c,803cd9b04f9cd252c6a83a2ecdbc22c3,delivered,2018-08-15T17:00:49.000Z,2018-08-15T17:15:18.000Z,2018-08-17T11:53:00.000Z,2018-08-21T00:16:33.000Z,2018-08-27T00:00:00.000Z,15_08_2018
54995426ac1196508609ac35b03b5e63,a79086d74ade3aeb9668cab14437fd27,delivered,2018-08-15T15:00:55.000Z,2018-08-16T14:55:22.000Z,2018-08-17T13:25:00.000Z,2018-08-25T19:17:40.000Z,2018-09-13T00:00:00.000Z,15_08_2018
4160b6447ad70e6d73f7221dd970bbe9,c03dfaf5db49d8583edbb5627f92058d,delivered,2018-08-15T14:50:52.000Z,2018-08-16T14:46:20.000Z,2018-08-24T15:29:00.000Z,2018-08-30T03:41:31.000Z,2018-08-31T00:00:00.000Z,15_08_2018
bf6ead07100465b8b825c67e0f6dd2d0,5ad97cf725be5a184acba19af5834693,delivered,2018-08-15T10:36:56.000Z,2018-08-15T10:50:11.000Z,2018-08-15T11:42:00.000Z,2018-08-17T23:43:37.000Z,2018-08-24T00:00:00.000Z,15_08_2018
ca27a287674894b782ade649665cdb1e,471677705f50f979685879970f0d56b4,delivered,2018-08-15T10:06:15.000Z,2018-08-15T10:24:19.000Z,2018-08-16T14:25:00.000Z,2018-08-17T23:34:14.000Z,2018-08-20T00:00:00.000Z,15_08_2018
5750d60517669a97d14de871a5f11798,b66f32f79a08dad505caef424246177d,delivered,2018-08-15T20:14:42.000Z,2018-08-16T03:30:14.000Z,2018-08-16T14:00:00.000Z,2018-08-21T21:54:48.000Z,2018-09-03T00:00:00.000Z,15_08_2018
b8ccf087dea4fc431e71277cf66ed793,296eb95e34f2a94e6a317c9a38e9c277,delivered,2018-08-15T11:29:28.000Z,2018-08-15T11:44:13.000Z,2018-08-16T12:34:00.000Z,2018-08-18T01:21:46.000Z,2018-08-20T00:00:00.000Z,15_08_2018
46c719474f16c03e64e590fa4d1a2ff7,5a415018369bbb00d24e82a344be5b11,delivered,2018-08-15T21:58:21.000Z,2018-08-17T03:29:44.000Z,2018-08-17T14:03:00.000Z,2018-08-24T19:11:41.000Z,2018-09-06T00:00:00.000Z,15_08_2018
991b6f0cb448175a229309dd55699710,cb2db09134b625c16f34f9240653c8b6,delivered,2018-08-15T10:26:57.000Z,2018-08-15T10:44:06.000Z,2018-08-16T15:00:00.000Z,2018-08-21T17:28:38.000Z,2018-09-10T00:00:00.000Z,15_08_2018
727140332cb5607e87e03e1501f636b2,06199a7981ec145069afeb0baf66a49b,delivered,2018-08-15T16:22:26.000Z,2018-08-15T16:30:25.000Z,2018-08-16T15:00:00.000Z,2018-08-21T17:48:53.000Z,2018-08-30T00:00:00.000Z,15_08_2018
103de323ece563a1012b4b6adf5a81b2,1d7851c5569233818d755ddfc96bb5eb,delivered,2018-08-15T21:41:45.000Z,2018-08-17T03:30:00.000Z,2018-08-23T14:43:00.000Z,2018-09-03T19:06:55.000Z,2018-08-23T00:00:00.000Z,15_08_2018
593608ed6695aef889973ce8a45506b4,f9a0b9c3252efbe163954fcec5f0146a,delivered,2018-08-15T17:29:24.000Z,2018-08-15T17:44:18.000Z,2018-08-16T12:28:00.000Z,2018-08-20T18:38:56.000Z,2018-08-28T00:00:00.000Z,15_08_2018
86d715fc34a3dcdaa28d66fab140f969,a7f82e1125c54768904826f919fb24e2,delivered,2018-08-15T21:45:02.000Z,2018-08-15T22:04:08.000Z,2018-08-16T13:19:00.000Z,2018-08-17T20:18:20.000Z,2018-08-22T00:00:00.000Z,15_08_2018
443ca495356740c3822c77b19cf02c4a,8b764bd5e763af6c2154cebd54e1f66e,delivered,2018-08-15T17:18:49.000Z,2018-08-16T03:15:27.000Z,2018-08-20T16:49:00.000Z,2018-08-27T16:22:51.000Z,2018-08-29T00:00:00.000Z,15_08_2018
b07f363d9c31fdda91a9c8079b99c2d1,e94f6c1aa760a9ba006ae74a90538565,delivered,2018-08-15T18:37:24.000Z,2018-08-15T18:50:25.000Z,2018-08-20T14:31:00.000Z,2018-08-25T00:22:45.000Z,2018-09-03T00:00:00.000Z,15_08_2018
58b67b63bcec8f5f157c17d15b724b89,7cb765c85242eea08f1aa4dd273ae02f,delivered,2018-08-15T11:52:55.000Z,2018-08-15T12:05:13.000Z,2018-08-16T14:11:00.000Z,2018-08-23T22:56:44.000Z,2018-09-04T00:00:00.000Z,15_08_2018
2bcca46cc41a77cd84a4bdc700411b14,5fac0958cc42a73dbb13ed8f2707e9df,delivered,2018-08-15T19:58:58.000Z,2018-08-17T03:10:28.000Z,2018-08-17T09:38:00.000Z,2018-08-22T14:28:32.000Z,2018-08-30T00:00:00.000Z,15_08_2018
2c810e97c1d3956172e1830863e6a133,ba2ad8b23fe2a0a45cdb33ae2cc42b98,delivered,2018-08-15T11:30:33.000Z,2018-08-15T11:44:11.000Z,2018-08-15T12:44:00.000Z,2018-08-20T15:15:42.000Z,2018-08-27T00:00:00.000Z,15_08_2018
6265e86b71fc209d82742bcfebe33046,cb1a900268da8bd68454273b2ddddf4e,delivered,2018-08-15T12:25:06.000Z,2018-08-15T12:44:12.000Z,2018-08-16T13:56:00.000Z,2018-08-20T17:35:48.000Z,2018-08-27T00:00:00.000Z,15_08_2018
8b4b66868641eb5fc2bc090dc4f702f7,4785f22240da3deb7f7f1fa70664fd83,delivered,2018-08-15T12:09:22.000Z,2018-08-17T03:29:44.000Z,2018-08-22T13:47:00.000Z,2018-08-27T14:56:51.000Z,2018-09-19T00:00:00.000Z,15_08_2018
fa2c0183390d96cbabb604c27aedf7e5,06e724a40343b086ece691eb439a726b,delivered,2018-08-15T08:37:51.000Z,2018-08-15T08:50:15.000Z,2018-08-17T12:32:00.000Z,2018-08-22T17:18:41.000Z,2018-09-21T00:00:00.000Z,15_08_2018
d9926cee93b8e76d736ca514364a713a,6f32d93d54ccede897e54670112fe738,delivered,2018-08-15T03:59:08.000Z,2018-08-15T04:10:09.000Z,2018-08-16T17:15:00.000Z,2018-08-21T20:28:51.000Z,2018-08-27T00:00:00.000Z,15_08_2018
cb8372ec4562008e6648acf4fa8b81c7,5f1f934f0527b0822763ecfc7a918ca7,delivered,2018-08-15T14:02:53.000Z,2018-08-17T03:09:55.000Z,2018-08-31T14:53:00.000Z,2018-09-03T15:36:49.000Z,2018-08-22T00:00:00.000Z,15_08_2018
a97041e9aa36c525119520db08b537c1,aeec91875fccf4f111dfb8ebddb601c8,delivered,2018-08-15T20:53:10.000Z,2018-08-15T21:10:09.000Z,2018-08-20T07:37:00.000Z,2018-08-21T22:27:11.000Z,2018-08-20T00:00:00.000Z,15_08_2018
77338308426749365f169773fa614a56,c3c417054f5656e9470874ae63265424,delivered,2018-08-15T19:03:09.000Z,2018-08-15T19:15:19.000Z,2018-08-16T11:56:00.000Z,2018-08-27T12:21:54.000Z,2018-09-06T00:00:00.000Z,15_08_2018
ad8cbf1b92732052ce15fbcc313b59e2,f633918bd6e6a1a9bc31dd52189f1ac4,delivered,2018-08-15T11:31:44.000Z,2018-08-15T11:45:16.000Z,2018-08-17T10:00:00.000Z,2018-08-23T15:11:56.000Z,2018-09-04T00:00:00.000Z,15_08_2018
f2549ba65e2aa4e4831c43946625e476,318e6461c1360f9bcd936bb5bc8acdca,delivered,2018-08-15T15:52:47.000Z,2018-08-16T10:10:29.000Z,2018-08-21T08:48:00.000Z,2018-08-22T15:54:44.000Z,2018-08-28T00:00:00.000Z,15_08_2018
ff5b7f440481674b38554434638beebf,e6ab213cb124524887ac41b8eaca9653,delivered,2018-08-15T20:24:56.000Z,2018-08-17T03:29:42.000Z,2018-08-17T11:56:00.000Z,2018-08-30T14:18:52.000Z,2018-08-23T00:00:00.000Z,15_08_2018
da56bf0bdea03c2780bb37ff9db85e3d,c42a35fad2783f9119d187d684a1430c,delivered,2018-08-15T23:03:13.000Z,2018-08-15T23:15:19.000Z,2018-08-16T15:19:00.000Z,2018-08-20T21:48:50.000Z,2018-08-20T00:00:00.000Z,15_08_2018
2a898874fbdeadc5df2ea8a0b01b85cb,b390fbcb0c905851f646e4434901847b,delivered,2018-08-15T15:46:35.000Z,2018-08-15T15:55:17.000Z,2018-08-20T11:46:00.000Z,2018-08-23T16:28:45.000Z,2018-08-30T00:00:00.000Z,15_08_2018
cb12d32a82abfd6f2d13581b3c8e3e80,64554a77585a29ee9773f11065b33f15,delivered,2018-08-15T17:01:48.000Z,2018-08-15T17:15:18.000Z,2018-08-16T15:41:00.000Z,2018-08-22T21:51:58.000Z,2018-08-27T00:00:00.000Z,15_08_2018
ca76635b390431657148c4f92d697fe1,a987323541e7aaa37af318af901fbcc7,delivered,2018-08-15T15:35:11.000Z,2018-08-15T20:38:01.000Z,2018-08-16T13:59:00.000Z,2018-08-21T22:24:42.000Z,2018-09-03T00:00:00.000Z,15_08_2018
e1716f3b568b31f585d5c531d45612d7,1313ac78892aefb0a54731597ca260a2,delivered,2018-08-15T12:05:14.000Z,2018-08-15T12:15:18.000Z,2018-08-16T13:36:00.000Z,2018-08-21T20:31:57.000Z,2018-08-30T00:00:00.000Z,15_08_2018
fe46aba4a014e5b994e190a8b8ca18e7,269de2f9cc6cab3645075e7ba0b1d6fb,delivered,2018-08-15T10:11:51.000Z,2018-08-16T03:05:11.000Z,2018-08-16T14:44:00.000Z,2018-08-22T15:11:44.000Z,2018-09-17T00:00:00.000Z,15_08_2018
f81e71dd7c044a9ee7c1d6e37d68d64f,953f71324f3a770118c88a42363655b2,canceled,2018-08-15T08:34:42.000Z,,,,2018-09-12T00:00:00.000Z,15_08_2018
208e05b081036510b22aee2ff50a28c3,92c27dc71558f8edff69ad4068331e72,delivered,2018-08-15T08:52:02.000Z,2018-08-15T09:04:09.000Z,2018-08-16T11:53:00.000Z,2018-08-22T18:16:38.000Z,2018-08-30T00:00:00.000Z,15_08_2018
5f10b25bf1ca7b7f55731524ad40b1ad,d94c483a63b1d3634fd82ff668124edd,delivered,2018-08-15T22:18:25.000Z,2018-08-15T22:45:10.000Z,2018-08-16T15:26:00.000Z,2018-08-20T22:04:00.000Z,2018-08-24T00:00:00.000Z,15_08_2018
fa7d72fd5ce0a155a608f0981ef23c91,1006e6c8479e95cef7612414cf33059f,delivered,2018-08-15T18:52:16.000Z,2018-08-15T19:05:21.000Z,2018-08-17T13:35:00.000Z,2018-08-20T19:26:31.000Z,2018-08-29T00:00:00.000Z,15_08_2018
38285c101a3b9fd08110335d8405a232,ca31a87d801a1e0305e15aa27a643f7a,delivered,2018-08-15T12:58:34.000Z,2018-08-15T13:10:10.000Z,2018-08-15T15:33:00.000Z,2018-08-17T17:08:39.000Z,2018-08-23T00:00:00.000Z,15_08_2018
61920c076c4c9bd3f5e1cd9d42309139,728e53ea927b319d8d4c5e49b8f1731a,delivered,2018-08-15T13:14:00.000Z,2018-08-15T14:05:32.000Z,2018-08-16T14:44:00.000Z,2018-08-24T13:35:32.000Z,2018-08-28T00:00:00.000Z,15_08_2018
cf2a9fcfac08206bae42b3118368c9d1,b3670b3da4ad23a4e0f9890e5b6cf737,delivered,2018-08-15T00:39:44.000Z,2018-08-15T00:50:21.000Z,2018-08-15T12:25:00.000Z,2018-08-20T17:06:56.000Z,2018-08-29T00:00:00.000Z,15_08_2018
e6fed6276bf6386ddf418ff601846889,3bfe1f59367a7183636a6856a530c770,delivered,2018-08-15T22:06:09.000Z,2018-08-15T22:44:06.000Z,2018-08-17T14:27:00.000Z,2018-08-21T01:34:34.000Z,2018-08-22T00:00:00.000Z,15_08_2018
d34e950d8952f0edfb48e7be2634ff91,cbc03125dfd296354a81d5e64f7be0c6,delivered,2018-08-15T21:43:42.000Z,2018-08-15T21:55:17.000Z,2018-08-23T12:21:00.000Z,2018-08-30T23:34:40.000Z,2018-09-11T00:00:00.000Z,15_08_2018
49bf9682392edd732a6f0a6c9ff7f196,62cadd06099c12fa83b043055c450583,delivered,2018-08-15T12:16:12.000Z,2018-08-15T12:25:21.000Z,2018-08-16T11:50:00.000Z,2018-08-27T20:36:41.000Z,2018-08-31T00:00:00.000Z,15_08_2018
f92b608c97b4dfa2e808d0b4008d2475,b0414648ea181ad51b800a1a2d5e7503,delivered,2018-08-15T22:36:25.000Z,2018-08-15T22:50:10.000Z,2018-08-16T12:35:00.000Z,2018-08-23T19:56:53.000Z,2018-08-30T00:00:00.000Z,15_08_2018
f3ac96719aada8e7d197ff55ddea4d12,cc680f5a69a1fa2b717acc340313c4e4,delivered,2018-08-15T19:38:26.000Z,2018-08-15T19:50:26.000Z,2018-08-16T11:53:00.000Z,2018-08-23T22:18:55.000Z,2018-08-31T00:00:00.000Z,15_08_2018
5add1b45cd9bc70f43535f349cfed8ce,c0a731ad99c2f4bf26d8c018ce90cca8,delivered,2018-08-15T15:01:55.000Z,2018-08-16T15:04:23.000Z,2018-08-17T14:54:00.000Z,2018-08-23T21:52:05.000Z,2018-08-22T00:00:00.000Z,15_08_2018
3b4a2b377fe671156cd586637d974f3f,b71d37b2430a0b3e0bb74cb6e7d52c3c,delivered,2018-08-15T22:41:12.000Z,2018-08-15T22:50:16.000Z,2018-08-23T17:14:00.000Z,2018-08-29T19:55:31.000Z,2018-09-05T00:00:00.000Z,15_08_2018
b29aef07fc359c950db89a961acc1fa2,e6978c62c08bc49662a1edaac652c4f3,delivered,2018-08-15T13:06:20.000Z,2018-08-15T13:24:07.000Z,2018-08-16T12:58:00.000Z,2018-08-22T19:04:48.000Z,2018-08-29T00:00:00.000Z,15_08_2018
01eaa000fe5c9f80f535c3d0cad25a47,a43434ddd74de3fb686800674a4f1af6,delivered,2018-08-15T15:29:13.000Z,2018-08-15T20:34:35.000Z,2018-08-16T16:39:00.000Z,2018-08-17T20:02:52.000Z,2018-08-28T00:00:00.000Z,15_08_2018
0ee97b38c4a4fd3b8d3c243e60b4cd44,631562d92afe78f309d88ee259052af2,delivered,2018-08-15T07:42:01.000Z,2018-08-15T08:15:21.000Z,2018-08-16T12:35:00.000Z,2018-08-18T02:41:47.000Z,2018-08-20T00:00:00.000Z,15_08_2018
ea22618b32b3545da7c820e1ea37f0f6,972dceea95c4bf95c17d866c17dabc2c,delivered,2018-08-15T10:52:43.000Z,2018-08-15T11:04:32.000Z,2018-08-16T14:25:00.000Z,2018-08-24T19:08:41.000Z,2018-08-29T00:00:00.000Z,15_08_2018
7948a599ad3b5be1c5394644d0d4f8a4,1e230d328938b07141e28583f50af1af,delivered,2018-08-15T00:08:07.000Z,2018-08-15T00:24:11.000Z,2018-08-16T14:30:00.000Z,2018-08-21T20:38:51.000Z,2018-08-23T00:00:00.000Z,15_08_2018
fe166f25e5b4e549094b37531b20cd19,d4f95045b6d8e14b9854ca5b2495928b,delivered,2018-08-15T17:00:09.000Z,2018-08-15T17:15:20.000Z,2018-08-20T14:15:00.000Z,2018-08-21T17:21:42.000Z,2018-08-22T00:00:00.000Z,15_08_2018
ccd2795b4fd33757b039fb15b8a12109,e21e09c974438b29525fc0e318648258,delivered,2018-08-15T16:58:08.000Z,2018-08-15T17:10:16.000Z,2018-08-16T14:27:00.000Z,2018-08-17T22:51:29.000Z,2018-08-28T00:00:00.000Z,15_08_2018
82d57496fe85e9df6e149099e638aef0,8558b9ef796a38f15cf9b5d39bfa4fc1,delivered,2018-08-15T19:55:58.000Z,2018-08-15T20:10:20.000Z,2018-08-16T14:14:00.000Z,2018-08-23T18:41:08.000Z,2018-09-05T00:00:00.000Z,15_08_2018
197eebbd778d2ac6ee1ca48441bcd80f,2ebff6706876c13d515f6efb2c687db6,delivered,2018-08-15T20:13:15.000Z,2018-08-15T20:25:15.000Z,2018-08-16T11:53:00.000Z,2018-08-29T17:31:53.000Z,2018-08-30T00:00:00.000Z,15_08_2018
0f39e640d202449c6fd3aebf9b09f1fd,7b3a3ec1498bfbfa893ff037034cd0a9,delivered,2018-08-15T18:56:54.000Z,2018-08-15T19:10:21.000Z,2018-08-16T14:03:00.000Z,2018-08-20T19:12:52.000Z,2018-08-30T00:00:00.000Z,15_08_2018
45435ca6ad009bf6d0b66e2c375a21d6,74021b5668446a550ea808a67d54fa87,delivered,2018-08-15T14:55:06.000Z,2018-08-15T20:18:23.000Z,2018-08-16T11:49:00.000Z,2018-08-18T00:02:42.000Z,2018-08-22T00:00:00.000Z,15_08_2018
95c8563ff69b82a5e9345b9f0464f788,1b578c59aaa40fc41246abb68142e3f2,delivered,2018-08-15T12:21:16.000Z,2018-08-15T12:30:19.000Z,2018-08-16T12:58:00.000Z,2018-08-21T22:56:54.000Z,2018-08-24T00:00:00.000Z,15_08_2018
a539050b5ced5a45fbb22fa7a99f2043,67a9926031ed753f9736c0f8892aba6c,delivered,2018-08-15T16:34:21.000Z,2018-08-15T16:45:15.000Z,2018-08-17T14:47:00.000Z,2018-08-23T00:54:42.000Z,2018-08-30T00:00:00.000Z,15_08_2018
5c4e6dc9331f62136e1d51c2af608af9,8635815549630cbffea696e18a9f8d6a,delivered,2018-08-15T16:11:47.000Z,2018-08-15T16:24:00.000Z,2018-08-16T12:58:00.000Z,2018-08-24T13:29:43.000Z,2018-09-24T00:00:00.000Z,15_08_2018
a83cf2c3eb9eb4370ba4d38c591fab3d,2256812884cb4b36961426f49b81cf09,delivered,2018-08-15T18:56:56.000Z,2018-08-17T03:09:50.000Z,2018-08-17T16:00:00.000Z,2018-08-28T22:04:58.000Z,2018-09-18T00:00:00.000Z,15_08_2018
9ed6ff68c038e8845f2f84d08fba359b,63b14ee5567bc4c0a388fc9c91eae40f,delivered,2018-08-15T09:44:30.000Z,2018-08-15T09:55:14.000Z,2018-08-15T15:22:00.000Z,2018-08-16T20:32:00.000Z,2018-08-22T00:00:00.000Z,15_08_2018
b6f5abd372e047f666f90ef9456c4eb4,443848fbc6823a721e07a9749cf86875,delivered,2018-08-15T00:38:31.000Z,2018-08-15T00:50:15.000Z,2018-08-15T13:28:00.000Z,2018-08-24T19:08:48.000Z,2018-09-10T00:00:00.000Z,15_08_2018
06ecfa8dfae87263e05d953aa561603d,7d5867b8bbaa7a3f16a9f4f867960b5b,delivered,2018-08-15T14:01:47.000Z,2018-08-15T14:15:20.000Z,2018-08-16T14:23:00.000Z,2018-08-21T22:03:38.000Z,2018-08-28T00:00:00.000Z,15_08_2018
1c2c2ef84bd5a49273a5db738b6bcc7a,cdea03736ccfde6bc7471b949d660040,delivered,2018-08-15T16:36:22.000Z,2018-08-15T16:50:22.000Z,2018-08-16T14:42:00.000Z,2018-08-18T00:38:25.000Z,2018-08-20T00:00:00.000Z,15_08_2018
5d84669999cbca120d2d557e6995ee80,9969ad5edcaec4c09cd4e4021d5feed9,delivered,2018-08-15T22:16:05.000Z,2018-08-15T22:44:11.000Z,2018-08-16T11:52:00.000Z,2018-08-27T14:58:45.000Z,2018-09-10T00:00:00.000Z,15_08_2018
d0ad5936a2ffe64ad0d7f2ec5703d647,e4875b1e01c4981c486839558bf6bced,delivered,2018-08-15T08:58:42.000Z,2018-08-15T09:10:10.000Z,2018-08-17T12:04:00.000Z,2018-08-22T23:46:36.000Z,2018-09-03T00:00:00.000Z,15_08_2018
65d549dc989e0c1b68a8ee77cc3e3de9,2e462c1574e64c66142b135b786832f8,delivered,2018-08-15T18:28:58.000Z,2018-08-16T18:29:20.000Z,2018-08-17T14:53:00.000Z,2018-08-22T18:51:51.000Z,2018-08-28T00:00:00.000Z,15_08_2018
7f877edba51577b9054e7490ab7469e9,9aa6f4346dce412af1c614f252bebcc0,delivered,2018-08-15T10:59:53.000Z,2018-08-16T03:26:01.000Z,2018-08-16T14:10:00.000Z,2018-08-21T16:03:31.000Z,2018-08-30T00:00:00.000Z,15_08_2018
14475bfb58d520ab74383d026390abfa,85c6c4e698dd725c955890b4c5b54663,delivered,2018-08-15T00:19:02.000Z,2018-08-15T00:30:18.000Z,2018-08-15T12:53:00.000Z,2018-08-16T17:41:55.000Z,2018-08-20T00:00:00.000Z,15_08_2018
287791188818821b1e768b55b446bc27,a6f899e6783a09f47bce511ffb9a2d9d,delivered,2018-08-15T14:49:40.000Z,2018-08-15T15:10:22.000Z,2018-08-17T14:38:00.000Z,2018-08-21T21:34:38.000Z,2018-08-23T00:00:00.000Z,15_08_2018
bdb2a4829fa0c44316c6355477f69c3c,b10e80812be888f9a6debafcbbad32bd,delivered,2018-08-15T11:58:30.000Z,2018-08-16T03:15:18.000Z,2018-08-16T15:13:00.000Z,2018-08-17T22:48:28.000Z,2018-08-20T00:00:00.000Z,15_08_2018
00310b0c75bb13015ec4d82d341865a4,0dad07848c618cc5a4679a1bfe1db8d2,canceled,2018-08-15T14:29:08.000Z,2018-08-15T15:04:25.000Z,,,2018-08-29T00:00:00.000Z,15_08_2018
018bb1508d9156b81990407b91fb35a8,ab65db409c590bb188616224a7e76cf7,delivered,2018-08-15T21:27:41.000Z,2018-08-15T21:44:05.000Z,2018-08-21T15:50:00.000Z,2018-08-24T21:44:36.000Z,2018-08-30T00:00:00.000Z,15_08_2018
89e0ae495fe8fa69f8e5a8351ec325a5,a1f27ba837ed167d3c9830a40e014a77,delivered,2018-08-15T09:02:01.000Z,2018-08-15T09:15:17.000Z,2018-08-15T14:05:00.000Z,2018-08-17T00:24:56.000Z,2018-08-27T00:00:00.000Z,15_08_2018
883ee9317106f1b48b157ecaddc83f64,ec067210c41cbde7668db4696ba7e222,delivered,2018-08-15T16:58:47.000Z,2018-08-15T17:10:20.000Z,2018-08-16T13:48:00.000Z,2018-08-23T17:36:39.000Z,2018-09-18T00:00:00.000Z,15_08_2018
0b84f3f6163172e6ede5bbd0b5b98394,1bc8d7df252ed7ef6595a0323345ddac,delivered,2018-08-15T23:04:04.000Z,2018-08-15T23:15:19.000Z,2018-08-17T13:27:00.000Z,2018-08-24T20:58:36.000Z,2018-08-30T00:00:00.000Z,15_08_2018
87dc3fd7007c4660f83c57f210061b28,82551e1ab57801c1525f0ffe428fc6d2,delivered,2018-08-15T10:50:50.000Z,2018-08-15T11:05:08.000Z,2018-08-15T15:10:00.000Z,2018-08-29T16:57:41.000Z,2018-08-30T00:00:00.000Z,15_08_2018
35ae091cd580f7c6dbb7f8c1552740fd,9f5248d1ba1badb231a1da9217f77f78,delivered,2018-08-15T14:04:47.000Z,2018-08-15T14:44:03.000Z,2018-08-15T13:46:00.000Z,2018-08-20T18:28:24.000Z,2018-08-24T00:00:00.000Z,15_08_2018
4c0b7cef000c9351cd7f160ad283a0f8,a4f81e9b7951f9295bc9286fbd48f7cf,delivered,2018-08-15T21:01:07.000Z,2018-08-16T03:25:14.000Z,2018-08-16T14:12:00.000Z,2018-08-17T13:41:30.000Z,2018-08-20T00:00:00.000Z,15_08_2018
0397de68fce44f5cdd948f2a5e83862b,049a364f58c2436196be4378cf9b2ff0,delivered,2018-08-15T17:44:29.000Z,2018-08-15T17:55:15.000Z,2018-08-16T15:26:00.000Z,2018-08-21T22:28:33.000Z,2018-08-30T00:00:00.000Z,15_08_2018
7d95b7b7b3b608ce023db6ed122d47d7,57f2f8e668dbebe70d744e81b09c5688,delivered,2018-08-15T22:30:27.000Z,2018-08-17T03:31:11.000Z,2018-08-17T11:10:00.000Z,2018-08-23T14:52:52.000Z,2018-08-24T00:00:00.000Z,15_08_2018
0f090dd2d83a9d755108584313c8208d,b5f7828a9d315bba42ebb548cec35c7e,delivered,2018-08-15T21:54:51.000Z,2018-08-15T22:44:02.000Z,2018-08-16T16:07:00.000Z,2018-08-21T19:56:14.000Z,2018-08-27T00:00:00.000Z,15_08_2018
95149a14172495a0aef0ac5c59f95d1c,eb3a89b5cb263b5830b41aaad36ffcf8,delivered,2018-08-15T18:28:37.000Z,2018-08-16T18:29:09.000Z,2018-08-24T15:14:00.000Z,2018-08-27T21:11:58.000Z,2018-08-20T00:00:00.000Z,15_08_2018
c98c0d54162f552567aae1af36d539b4,89aa7396c7f7694560cf328e9f46369c,delivered,2018-08-15T11:25:10.000Z,2018-08-15T11:44:05.000Z,2018-08-15T13:45:00.000Z,2018-08-28T00:21:58.000Z,2018-09-18T00:00:00.000Z,15_08_2018
267260b7bf82df7975cb0ef017763e02,3890984f592e84142be08d08f6c33483,delivered,2018-08-15T20:43:17.000Z,2018-08-16T03:10:14.000Z,2018-08-16T08:26:00.000Z,2018-08-22T21:21:58.000Z,2018-09-05T00:00:00.000Z,15_08_2018
f4adc4de5704b78924f3147944aa7e01,5416a712082f252d95466d4ee9f2e4fd,delivered,2018-08-15T16:51:43.000Z,2018-08-15T17:05:10.000Z,2018-08-20T11:26:00.000Z,2018-08-27T17:31:31.000Z,2018-08-31T00:00:00.000Z,15_08_2018
ef2d1b5b5f1fc3ea70338bb4c64f0129,a05f2d3e857bcfada74c1156e873049d,delivered,2018-08-15T16:24:12.000Z,2018-08-17T03:10:22.000Z,2018-08-17T12:05:00.000Z,2018-08-28T19:52:12.000Z,2018-09-17T00:00:00.000Z,15_08_2018
0d71624d3497568c5af4fa0fc5faa967,5a0ce17620554f641a8113fc965194c5,delivered,2018-08-15T18:51:47.000Z,2018-08-17T07:01:34.000Z,2018-08-17T13:53:00.000Z,2018-08-22T17:38:43.000Z,2018-09-13T00:00:00.000Z,15_08_2018
6f535066d76606a03524581e88087ce1,7fc9d895508c9702d62606338ed092e0,delivered,2018-08-15T07:41:09.000Z,2018-08-15T08:04:12.000Z,2018-08-15T14:58:00.000Z,2018-08-20T19:50:42.000Z,2018-08-27T00:00:00.000Z,15_08_2018
01d1bb79f3dee77d8a6809aff0025590,211c5e59e4228e0ea780f1ab02f3029b,delivered,2018-08-15T23:28:39.000Z,2018-08-15T23:43:59.000Z,2018-08-16T14:31:00.000Z,2018-08-21T10:52:46.000Z,2018-08-28T00:00:00.000Z,15_08_2018
789efe01c5431a828ed0f537a7057016,247aa795039e1d9bf232095b1887f807,delivered,2018-08-15T21:56:38.000Z,2018-08-15T22:45:16.000Z,2018-08-23T17:12:00.000Z,2018-08-29T20:28:39.000Z,2018-09-03T00:00:00.000Z,15_08_2018
946d4f5359317f054ef617725b284cc3,86e4a908b85e47a6297573035876edca,delivered,2018-08-15T12:24:47.000Z,2018-08-15T12:44:20.000Z,2018-08-21T15:02:00.000Z,2018-08-27T12:53:00.000Z,2018-09-06T00:00:00.000Z,15_08_2018
a8f3236d399cdf5f80c6ea3866b24ef0,33629ae5fadf65abf0409104edb75a7b,delivered,2018-08-15T16:14:22.000Z,2018-08-15T16:25:19.000Z,2018-08-16T14:55:00.000Z,2018-08-22T22:28:37.000Z,2018-09-10T00:00:00.000Z,15_08_2018
5e5e4681bb7d9d823fcbe2a440e5c0aa,0aa02628673fa6a77842ad2c978a2007,delivered,2018-08-15T21:57:43.000Z,2018-08-15T22:45:15.000Z,2018-08-16T13:49:00.000Z,2018-08-25T13:11:06.000Z,2018-08-30T00:00:00.000Z,15_08_2018
081820c2ad1ad7f6c452c1e845529fe8,ee9f2791dfe348b8200f0b687b00a15b,delivered,2018-08-15T23:42:25.000Z,2018-08-15T23:50:17.000Z,2018-08-16T17:35:00.000Z,2018-08-24T19:39:06.000Z,2018-09-06T00:00:00.000Z,15_08_2018
b98ebf284363c61636157e9248e966b8,9fd2b1cd3d866b1a545f69267736dc9f,delivered,2018-08-15T20:29:32.000Z,2018-08-15T20:43:57.000Z,2018-08-16T09:48:00.000Z,2018-08-20T16:41:19.000Z,2018-09-04T00:00:00.000Z,15_08_2018
5c4b6f896e003ca0b2a00ac3d1124822,4a7d8adf6241b22f54bab3bc2004ff58,delivered,2018-08-15T00:20:37.000Z,2018-08-15T00:30:18.000Z,2018-08-15T10:12:00.000Z,2018-08-20T11:39:57.000Z,2018-08-20T00:00:00.000Z,15_08_2018
9d104772bdce3edf86e439b682078c3d,881b7ae9db721cb7b560f79ab86de95a,delivered,2018-08-15T22:45:16.000Z,2018-08-15T22:55:14.000Z,2018-08-16T15:34:00.000Z,2018-08-28T18:29:48.000Z,2018-09-03T00:00:00.000Z,15_08_2018
5dac9935cdde1d40def25a669f8812a9,07e37b9181238afc5aef3d87171bf28f,delivered,2018-08-15T14:01:43.000Z,2018-08-15T14:15:14.000Z,2018-08-15T14:36:00.000Z,2018-08-21T20:31:50.000Z,2018-09-03T00:00:00.000Z,15_08_2018
7e41e7372ce6842cf380d475bf0927b4,980928c534a28c442a6865b079068f7c,delivered,2018-08-15T10:57:59.000Z,2018-08-15T11:10:39.000Z,2018-08-15T16:11:00.000Z,2018-08-20T18:28:46.000Z,2018-08-27T00:00:00.000Z,15_08_2018
dcafc8a38571b2f390004e0d85867df8,7233254ad0fc9fd33b98c5ae2c3f1e39,delivered,2018-08-15T14:45:24.000Z,2018-08-15T15:05:28.000Z,2018-08-17T12:22:00.000Z,2018-08-18T17:48:36.000Z,2018-08-20T00:00:00.000Z,15_08_2018
f3f13f75c34a679c5006108acf61e0da,24ed98d5567550a3994317e23fc2df9f,delivered,2018-08-15T19:48:47.000Z,2018-08-15T20:05:14.000Z,2018-08-23T17:15:00.000Z,2018-08-28T19:46:40.000Z,2018-09-05T00:00:00.000Z,15_08_2018
cecdac61b34706beb4fb0d9a531082a2,06e02bfbcb3a911182a3aaa06d826c88,delivered,2018-08-15T15:09:47.000Z,2018-08-15T20:26:55.000Z,2018-08-16T14:54:00.000Z,2018-08-20T14:11:25.000Z,2018-08-20T00:00:00.000Z,15_08_2018
ac730ec54a5502ff2a207c2f485f3d83,bee38172e88b59389711a1147ac7521a,delivered,2018-08-15T10:52:48.000Z,2018-08-15T11:05:46.000Z,2018-08-15T14:15:00.000Z,2018-08-18T15:20:38.000Z,2018-08-24T00:00:00.000Z,15_08_2018
12a762b532552a237f910c72b43281ae,e73b0f49d0f8244b5fc363b88584ec43,delivered,2018-08-15T16:23:23.000Z,2018-08-15T17:00:07.000Z,2018-08-16T12:43:00.000Z,2018-08-17T22:43:32.000Z,2018-08-22T00:00:00.000Z,15_08_2018
1f0e3e7a13d98443333a705e4ea42148,31a8654d467ab5c0d7a4a273272c460f,delivered,2018-08-15T07:19:56.000Z,2018-08-16T04:35:11.000Z,2018-08-20T12:28:00.000Z,2018-09-13T19:24:35.000Z,2018-08-28T00:00:00.000Z,15_08_2018
80bef000a2d88b3b23fab45c546c67ff,9761a94d5172ffc843e5fff9838d5a89,delivered,2018-08-15T10:11:11.000Z,2018-08-15T10:24:20.000Z,2018-08-20T13:41:00.000Z,2018-08-23T17:16:56.000Z,2018-08-31T00:00:00.000Z,15_08_2018
3cfb52a132c9fd20ee4abc973f86d8e3,f82c0e2f7b1e429bd59a9a3f6747753c,delivered,2018-08-15T05:46:10.000Z,2018-08-16T03:25:09.000Z,2018-08-16T13:11:00.000Z,2018-08-23T15:51:41.000Z,2018-08-31T00:00:00.000Z,15_08_2018
5187083897017a7ef1f9992070d898ba,9642a0bb9a77aa2ede0187891ff98976,delivered,2018-08-15T22:18:51.000Z,2018-08-16T10:50:21.000Z,2018-08-16T14:05:00.000Z,2018-08-24T21:38:38.000Z,2018-08-30T00:00:00.000Z,15_08_2018
0028de0ca693a1bb26448916a81105cc,4b4773853bbbc435ddddd51bd6c6a002,delivered,2018-08-15T14:59:36.000Z,2018-08-17T03:35:17.000Z,2018-08-17T09:45:00.000Z,2018-08-28T18:58:21.000Z,2018-09-11T00:00:00.000Z,15_08_2018
a0d3b62390e72dcfd8fc6b29c1af0061,fe9a30a8c40ddbb91c3399e7bd78c50f,delivered,2018-08-15T18:28:56.000Z,2018-08-15T18:43:58.000Z,2018-08-16T12:34:00.000Z,2018-08-17T17:36:46.000Z,2018-08-20T00:00:00.000Z,15_08_2018
51bc66830d9248438896664e31f24dec,e67448f92899a930a837e381f5719ba9,delivered,2018-08-15T18:17:46.000Z,2018-08-15T18:30:08.000Z,2018-08-16T14:15:00.000Z,2018-08-20T18:06:33.000Z,2018-08-27T00:00:00.000Z,15_08_2018
5597332b7eded552f104108f22b023e4,aaa423fb52f4106f477683490cbd5845,delivered,2018-08-15T13:03:37.000Z,2018-08-15T13:15:22.000Z,2018-08-15T14:37:00.000Z,2018-08-17T16:06:37.000Z,2018-08-21T00:00:00.000Z,15_08_2018
